timestamp,agent_index,action,score,is_win,is_lose,game_over,map_matrix
2026-05-28T22:31:29.920458,0,Stop,0.0,False,False,False,"[[0, 0, 0, 0, 0, 0, 0, 0, 0, 0, 0], [0, 2, 2, 2, 2, 2, 2, 2, 2, 3, 0], [0, 2, 0, 0, 0, 2, 0, 0, 0, 2, 0], [0, 2, 0, 2, 2, 2, 2, 2, 0, 2, 0], [0, 2, 2, 2, 0, 2, 0, 2, 2, 2, 0], [0, 0, 0, 2, 0, 2, 0, 2, 0, 0, 0], [0, 2, 2, 2, 2, 2, 2, 2, 2, 2, 0], [0, 2, 0, 2, 0, 0, 0, 2, 0, 2, 0], [0, 2, 0, 2, 0, 4, 0, 2, 0, 2, 0], [0, 5, 0, 2, 0, 1, 1, 2, 0, 2, 0], [0, 2, 0, 2, 0, 1, 1, 2, 0, 2, 0], [0, 2, 0, 2, 0, 4, 0, 2, 0, 2, 0], [0, 2, 0, 2, 0, 0, 0, 2, 0, 2, 0], [0, 2, 2, 2, 2, 2, 2, 2, 2, 2, 0], [0, 0, 0, 2, 0, 2, 0, 2, 0, 0, 0], [0, 2, 2, 2, 0, 2, 0, 2, 2, 2, 0], [0, 2, 0, 2, 2, 2, 2, 2, 0, 2, 0], [0, 2, 0, 0, 0, 2, 0, 0, 0, 2, 0], [0, 3, 2, 2, 2, 2, 2, 2, 2, 2, 0], [0, 0, 0, 0, 0, 0, 0, 0, 0, 0, 0]]"
2026-05-28T22:31:29.922884,0,East,-1.0,False,False,False,"[[0, 0, 0, 0, 0, 0, 0, 0, 0, 0, 0], [0, 2, 2, 2, 2, 2, 2, 2, 2, 3, 0], [0, 2, 0, 0, 0, 2, 0, 0, 0, 2, 0], [0, 2, 0, 2, 2, 2, 2, 2, 0, 2, 0], [0, 2, 2, 2, 0, 2, 0, 2, 2, 2, 0], [0, 0, 0, 2, 0, 2, 0, 2, 0, 0, 0], [0, 2, 2, 2, 2, 2, 2, 2, 2, 2, 0], [0, 2, 0, 2, 0, 0, 0, 2, 0, 2, 0], [0, 2, 0, 2, 0, 1, 0, 2, 0, 2, 0], [0, 5, 0, 2, 0, 4, 1, 2, 0, 2, 0], [0, 2, 0, 2, 0, 4, 1, 2, 0, 2, 0], [0, 2, 0, 2, 0, 1, 0, 2, 0, 2, 0], [0, 2, 0, 2, 0, 0, 0, 2, 0, 2, 0], [0, 2, 2, 2, 2, 2, 2, 2, 2, 2, 0], [0, 0, 0, 2, 0, 2, 0, 2, 0, 0, 0], [0, 2, 2, 2, 0, 2, 0, 2, 2, 2, 0], [0, 2, 0, 2, 2, 2, 2, 2, 0, 2, 0], [0, 2, 0, 0, 0, 2, 0, 0, 0, 2, 0], [0, 3, 2, 2, 2, 2, 2, 2, 2, 2, 0], [0, 0, 0, 0, 0, 0, 0, 0, 0, 0, 0]]"
2026-05-28T22:31:29.925333,0,East,8.0,False,False,False,"[[0, 0, 0, 0, 0, 0, 0, 0, 0, 0, 0], [0, 2, 2, 2, 2, 2, 2, 2, 2, 3, 0], [0, 2, 0, 0, 0, 2, 0, 0, 0, 2, 0], [0, 2, 0, 2, 2, 2, 2, 2, 0, 2, 0], [0, 2, 2, 2, 0, 2, 0, 2, 2, 2, 0], [0, 0, 0, 2, 0, 2, 0, 2, 0, 0, 0], [0, 2, 2, 2, 2, 2, 2, 2, 2, 2, 0], [0, 2, 0, 2, 0, 0, 0, 2, 0, 2, 0], [0, 2, 0, 2, 0, 1, 0, 2, 0, 2, 0], [0, 1, 0, 2, 0, 1, 1, 2, 0, 2, 0], [0, 5, 0, 2, 0, 4, 4, 2, 0, 2, 0], [0, 2, 0, 2, 0, 1, 0, 2, 0, 2, 0], [0, 2, 0, 2, 0, 0, 0, 2, 0, 2, 0], [0, 2, 2, 2, 2, 2, 2, 2, 2, 2, 0], [0, 0, 0, 2, 0, 2, 0, 2, 0, 0, 0], [0, 2, 2, 2, 0, 2, 0, 2, 2, 2, 0], [0, 2, 0, 2, 2, 2, 2, 2, 0, 2, 0], [0, 2, 0, 0, 0, 2, 0, 0, 0, 2, 0], [0, 3, 2, 2, 2, 2, 2, 2, 2, 2, 0], [0, 0, 0, 0, 0, 0, 0, 0, 0, 0, 0]]"
2026-05-28T22:31:29.927887,0,East,17.0,False,False,False,"[[0, 0, 0, 0, 0, 0, 0, 0, 0, 0, 0], [0, 2, 2, 2, 2, 2, 2, 2, 2, 3, 0], [0, 2, 0, 0, 0, 2, 0, 0, 0, 2, 0], [0, 2, 0, 2, 2, 2, 2, 2, 0, 2, 0], [0, 2, 2, 2, 0, 2, 0, 2, 2, 2, 0], [0, 0, 0, 2, 0, 2, 0, 2, 0, 0, 0], [0, 2, 2, 2, 2, 2, 2, 2, 2, 2, 0], [0, 2, 0, 2, 0, 0, 0, 2, 0, 2, 0], [0, 2, 0, 2, 0, 1, 0, 2, 0, 2, 0], [0, 1, 0, 2, 0, 1, 1, 2, 0, 2, 0], [0, 1, 0, 2, 0, 1, 1, 4, 0, 2, 0], [0, 5, 0, 2, 0, 4, 0, 2, 0, 2, 0], [0, 2, 0, 2, 0, 0, 0, 2, 0, 2, 0], [0, 2, 2, 2, 2, 2, 2, 2, 2, 2, 0], [0, 0, 0, 2, 0, 2, 0, 2, 0, 0, 0], [0, 2, 2, 2, 0, 2, 0, 2, 2, 2, 0], [0, 2, 0, 2, 2, 2, 2, 2, 0, 2, 0], [0, 2, 0, 0, 0, 2, 0, 0, 0, 2, 0], [0, 3, 2, 2, 2, 2, 2, 2, 2, 2, 0], [0, 0, 0, 0, 0, 0, 0, 0, 0, 0, 0]]"
2026-05-28T22:31:29.931173,0,East,26.0,False,False,False,"[[0, 0, 0, 0, 0, 0, 0, 0, 0, 0, 0], [0, 2, 2, 2, 2, 2, 2, 2, 2, 3, 0], [0, 2, 0, 0, 0, 2, 0, 0, 0, 2, 0], [0, 2, 0, 2, 2, 2, 2, 2, 0, 2, 0], [0, 2, 2, 2, 0, 2, 0, 2, 2, 2, 0], [0, 0, 0, 2, 0, 2, 0, 2, 0, 0, 0], [0, 2, 2, 2, 2, 2, 2, 2, 2, 2, 0], [0, 2, 0, 2, 0, 0, 0, 2, 0, 2, 0], [0, 2, 0, 2, 0, 1, 0, 2, 0, 2, 0], [0, 1, 0, 2, 0, 1, 1, 2, 0, 2, 0], [0, 1, 0, 2, 0, 4, 1, 2, 0, 2, 0], [0, 1, 0, 2, 0, 1, 0, 4, 0, 2, 0], [0, 5, 0, 2, 0, 0, 0, 2, 0, 2, 0], [0, 2, 2, 2, 2, 2, 2, 2, 2, 2, 0], [0, 0, 0, 2, 0, 2, 0, 2, 0, 0, 0], [0, 2, 2, 2, 0, 2, 0, 2, 2, 2, 0], [0, 2, 0, 2, 2, 2, 2, 2, 0, 2, 0], [0, 2, 0, 0, 0, 2, 0, 0, 0, 2, 0], [0, 3, 2, 2, 2, 2, 2, 2, 2, 2, 0], [0, 0, 0, 0, 0, 0, 0, 0, 0, 0, 0]]"
2026-05-28T22:31:29.933547,0,West,35.0,False,False,False,"[[0, 0, 0, 0, 0, 0, 0, 0, 0, 0, 0], [0, 2, 2, 2, 2, 2, 2, 2, 2, 3, 0], [0, 2, 0, 0, 0, 2, 0, 0, 0, 2, 0], [0, 2, 0, 2, 2, 2, 2, 2, 0, 2, 0], [0, 2, 2, 2, 0, 2, 0, 2, 2, 2, 0], [0, 0, 0, 2, 0, 2, 0, 2, 0, 0, 0], [0, 2, 2, 2, 2, 2, 2, 2, 2, 2, 0], [0, 2, 0, 2, 0, 0, 0, 2, 0, 2, 0], [0, 2, 0, 2, 0, 1, 0, 2, 0, 2, 0], [0, 1, 0, 2, 0, 4, 1, 2, 0, 2, 0], [0, 1, 0, 2, 0, 1, 1, 2, 0, 2, 0], [0, 1, 0, 2, 0, 1, 0, 2, 0, 2, 0], [0, 1, 0, 2, 0, 0, 0, 4, 0, 2, 0], [0, 5, 2, 2, 2, 2, 2, 2, 2, 2, 0], [0, 0, 0, 2, 0, 2, 0, 2, 0, 0, 0], [0, 2, 2, 2, 0, 2, 0, 2, 2, 2, 0], [0, 2, 0, 2, 2, 2, 2, 2, 0, 2, 0], [0, 2, 0, 0, 0, 2, 0, 0, 0, 2, 0], [0, 3, 2, 2, 2, 2, 2, 2, 2, 2, 0], [0, 0, 0, 0, 0, 0, 0, 0, 0, 0, 0]]"
2026-05-28T22:31:29.936355,0,East,34.0,False,False,False,"[[0, 0, 0, 0, 0, 0, 0, 0, 0, 0, 0], [0, 2, 2, 2, 2, 2, 2, 2, 2, 3, 0], [0, 2, 0, 0, 0, 2, 0, 0, 0, 2, 0], [0, 2, 0, 2, 2, 2, 2, 2, 0, 2, 0], [0, 2, 2, 2, 0, 2, 0, 2, 2, 2, 0], [0, 0, 0, 2, 0, 2, 0, 2, 0, 0, 0], [0, 2, 2, 2, 2, 2, 2, 2, 2, 2, 0], [0, 2, 0, 2, 0, 0, 0, 2, 0, 2, 0], [0, 2, 0, 2, 0, 4, 0, 2, 0, 2, 0], [0, 1, 0, 2, 0, 1, 1, 2, 0, 2, 0], [0, 1, 0, 2, 0, 1, 1, 2, 0, 2, 0], [0, 1, 0, 2, 0, 1, 0, 2, 0, 2, 0], [0, 5, 0, 2, 0, 0, 0, 2, 0, 2, 0], [0, 1, 2, 2, 2, 2, 2, 4, 2, 2, 0], [0, 0, 0, 2, 0, 2, 0, 2, 0, 0, 0], [0, 2, 2, 2, 0, 2, 0, 2, 2, 2, 0], [0, 2, 0, 2, 2, 2, 2, 2, 0, 2, 0], [0, 2, 0, 0, 0, 2, 0, 0, 0, 2, 0], [0, 3, 2, 2, 2, 2, 2, 2, 2, 2, 0], [0, 0, 0, 0, 0, 0, 0, 0, 0, 0, 0]]"
2026-05-28T22:31:29.939369,0,North,33.0,False,False,False,"[[0, 0, 0, 0, 0, 0, 0, 0, 0, 0, 0], [0, 2, 2, 2, 2, 2, 2, 2, 2, 3, 0], [0, 2, 0, 0, 0, 2, 0, 0, 0, 2, 0], [0, 2, 0, 2, 2, 2, 2, 2, 0, 2, 0], [0, 2, 2, 2, 0, 2, 0, 2, 2, 2, 0], [0, 0, 0, 2, 0, 2, 0, 2, 0, 0, 0], [0, 2, 2, 2, 2, 2, 2, 2, 2, 2, 0], [0, 2, 0, 2, 0, 0, 0, 2, 0, 2, 0], [0, 2, 0, 2, 0, 1, 0, 2, 0, 2, 0], [0, 1, 0, 2, 0, 4, 1, 2, 0, 2, 0], [0, 1, 0, 2, 0, 1, 1, 2, 0, 2, 0], [0, 1, 0, 2, 0, 1, 0, 2, 0, 2, 0], [0, 1, 0, 2, 0, 0, 0, 2, 0, 2, 0], [0, 5, 2, 2, 2, 2, 4, 2, 2, 2, 0], [0, 0, 0, 2, 0, 2, 0, 2, 0, 0, 0], [0, 2, 2, 2, 0, 2, 0, 2, 2, 2, 0], [0, 2, 0, 2, 2, 2, 2, 2, 0, 2, 0], [0, 2, 0, 0, 0, 2, 0, 0, 0, 2, 0], [0, 3, 2, 2, 2, 2, 2, 2, 2, 2, 0], [0, 0, 0, 0, 0, 0, 0, 0, 0, 0, 0]]"
2026-05-28T22:31:29.941698,0,South,42.0,False,False,False,"[[0, 0, 0, 0, 0, 0, 0, 0, 0, 0, 0], [0, 2, 2, 2, 2, 2, 2, 2, 2, 3, 0], [0, 2, 0, 0, 0, 2, 0, 0, 0, 2, 0], [0, 2, 0, 2, 2, 2, 2, 2, 0, 2, 0], [0, 2, 2, 2, 0, 2, 0, 2, 2, 2, 0], [0, 0, 0, 2, 0, 2, 0, 2, 0, 0, 0], [0, 2, 2, 2, 2, 2, 2, 2, 2, 2, 0], [0, 2, 0, 2, 0, 0, 0, 2, 0, 2, 0], [0, 2, 0, 2, 0, 1, 0, 2, 0, 2, 0], [0, 1, 0, 2, 0, 1, 4, 2, 0, 2, 0], [0, 1, 0, 2, 0, 1, 1, 2, 0, 2, 0], [0, 1, 0, 2, 0, 1, 0, 2, 0, 2, 0], [0, 1, 0, 2, 0, 0, 0, 2, 0, 2, 0], [0, 1, 5, 2, 2, 4, 2, 2, 2, 2, 0], [0, 0, 0, 2, 0, 2, 0, 2, 0, 0, 0], [0, 2, 2, 2, 0, 2, 0, 2, 2, 2, 0], [0, 2, 0, 2, 2, 2, 2, 2, 0, 2, 0], [0, 2, 0, 0, 0, 2, 0, 0, 0, 2, 0], [0, 3, 2, 2, 2, 2, 2, 2, 2, 2, 0], [0, 0, 0, 0, 0, 0, 0, 0, 0, 0, 0]]"
2026-05-28T22:31:29.944039,0,West,41.0,False,False,False,"[[0, 0, 0, 0, 0, 0, 0, 0, 0, 0, 0], [0, 2, 2, 2, 2, 2, 2, 2, 2, 3, 0], [0, 2, 0, 0, 0, 2, 0, 0, 0, 2, 0], [0, 2, 0, 2, 2, 2, 2, 2, 0, 2, 0], [0, 2, 2, 2, 0, 2, 0, 2, 2, 2, 0], [0, 0, 0, 2, 0, 2, 0, 2, 0, 0, 0], [0, 2, 2, 2, 2, 2, 2, 2, 2, 2, 0], [0, 2, 0, 2, 0, 0, 0, 2, 0, 2, 0], [0, 2, 0, 2, 0, 1, 0, 2, 0, 2, 0], [0, 1, 0, 2, 0, 1, 1, 2, 0, 2, 0], [0, 1, 0, 2, 0, 1, 4, 2, 0, 2, 0], [0, 1, 0, 2, 0, 1, 0, 2, 0, 2, 0], [0, 1, 0, 2, 0, 0, 0, 2, 0, 2, 0], [0, 5, 1, 2, 4, 2, 2, 2, 2, 2, 0], [0, 0, 0, 2, 0, 2, 0, 2, 0, 0, 0], [0, 2, 2, 2, 0, 2, 0, 2, 2, 2, 0], [0, 2, 0, 2, 2, 2, 2, 2, 0, 2, 0], [0, 2, 0, 0, 0, 2, 0, 0, 0, 2, 0], [0, 3, 2, 2, 2, 2, 2, 2, 2, 2, 0], [0, 0, 0, 0, 0, 0, 0, 0, 0, 0, 0]]"
2026-05-28T22:31:29.946373,0,West,40.0,False,False,False,"[[0, 0, 0, 0, 0, 0, 0, 0, 0, 0, 0], [0, 2, 2, 2, 2, 2, 2, 2, 2, 3, 0], [0, 2, 0, 0, 0, 2, 0, 0, 0, 2, 0], [0, 2, 0, 2, 2, 2, 2, 2, 0, 2, 0], [0, 2, 2, 2, 0, 2, 0, 2, 2, 2, 0], [0, 0, 0, 2, 0, 2, 0, 2, 0, 0, 0], [0, 2, 2, 2, 2, 2, 2, 2, 2, 2, 0], [0, 2, 0, 2, 0, 0, 0, 2, 0, 2, 0], [0, 2, 0, 2, 0, 1, 0, 2, 0, 2, 0], [0, 1, 0, 2, 0, 1, 1, 2, 0, 2, 0], [0, 1, 0, 2, 0, 4, 1, 2, 0, 2, 0], [0, 1, 0, 2, 0, 1, 0, 2, 0, 2, 0], [0, 5, 0, 2, 0, 0, 0, 2, 0, 2, 0], [0, 1, 1, 4, 2, 2, 2, 2, 2, 2, 0], [0, 0, 0, 2, 0, 2, 0, 2, 0, 0, 0], [0, 2, 2, 2, 0, 2, 0, 2, 2, 2, 0], [0, 2, 0, 2, 2, 2, 2, 2, 0, 2, 0], [0, 2, 0, 0, 0, 2, 0, 0, 0, 2, 0], [0, 3, 2, 2, 2, 2, 2, 2, 2, 2, 0], [0, 0, 0, 0, 0, 0, 0, 0, 0, 0, 0]]"
2026-05-28T22:31:29.948718,0,East,39.0,False,False,False,"[[0, 0, 0, 0, 0, 0, 0, 0, 0, 0, 0], [0, 2, 2, 2, 2, 2, 2, 2, 2, 3, 0], [0, 2, 0, 0, 0, 2, 0, 0, 0, 2, 0], [0, 2, 0, 2, 2, 2, 2, 2, 0, 2, 0], [0, 2, 2, 2, 0, 2, 0, 2, 2, 2, 0], [0, 0, 0, 2, 0, 2, 0, 2, 0, 0, 0], [0, 2, 2, 2, 2, 2, 2, 2, 2, 2, 0], [0, 2, 0, 2, 0, 0, 0, 2, 0, 2, 0], [0, 2, 0, 2, 0, 1, 0, 2, 0, 2, 0], [0, 1, 0, 2, 0, 1, 1, 2, 0, 2, 0], [0, 1, 0, 2, 0, 1, 1, 2, 0, 2, 0], [0, 5, 0, 2, 0, 4, 0, 2, 0, 2, 0], [0, 1, 0, 2, 0, 0, 0, 2, 0, 2, 0], [0, 1, 1, 2, 2, 2, 2, 2, 2, 2, 0], [0, 0, 0, 4, 0, 2, 0, 2, 0, 0, 0], [0, 2, 2, 2, 0, 2, 0, 2, 2, 2, 0], [0, 2, 0, 2, 2, 2, 2, 2, 0, 2, 0], [0, 2, 0, 0, 0, 2, 0, 0, 0, 2, 0], [0, 3, 2, 2, 2, 2, 2, 2, 2, 2, 0], [0, 0, 0, 0, 0, 0, 0, 0, 0, 0, 0]]"
2026-05-28T22:31:29.951456,0,East,38.0,False,False,False,"[[0, 0, 0, 0, 0, 0, 0, 0, 0, 0, 0], [0, 2, 2, 2, 2, 2, 2, 2, 2, 3, 0], [0, 2, 0, 0, 0, 2, 0, 0, 0, 2, 0], [0, 2, 0, 2, 2, 2, 2, 2, 0, 2, 0], [0, 2, 2, 2, 0, 2, 0, 2, 2, 2, 0], [0, 0, 0, 2, 0, 2, 0, 2, 0, 0, 0], [0, 2, 2, 2, 2, 2, 2, 2, 2, 2, 0], [0, 2, 0, 2, 0, 0, 0, 2, 0, 2, 0], [0, 2, 0, 2, 0, 1, 0, 2, 0, 2, 0], [0, 1, 0, 2, 0, 1, 1, 2, 0, 2, 0], [0, 1, 0, 2, 0, 4, 1, 2, 0, 2, 0], [0, 1, 0, 2, 0, 1, 0, 2, 0, 2, 0], [0, 5, 0, 2, 0, 0, 0, 2, 0, 2, 0], [0, 1, 1, 2, 2, 2, 2, 2, 2, 2, 0], [0, 0, 0, 2, 0, 2, 0, 2, 0, 0, 0], [0, 2, 2, 4, 0, 2, 0, 2, 2, 2, 0], [0, 2, 0, 2, 2, 2, 2, 2, 0, 2, 0], [0, 2, 0, 0, 0, 2, 0, 0, 0, 2, 0], [0, 3, 2, 2, 2, 2, 2, 2, 2, 2, 0], [0, 0, 0, 0, 0, 0, 0, 0, 0, 0, 0]]"
2026-05-28T22:31:29.954547,0,West,37.0,False,False,False,"[[0, 0, 0, 0, 0, 0, 0, 0, 0, 0, 0], [0, 2, 2, 2, 2, 2, 2, 2, 2, 3, 0], [0, 2, 0, 0, 0, 2, 0, 0, 0, 2, 0], [0, 2, 0, 2, 2, 2, 2, 2, 0, 2, 0], [0, 2, 2, 2, 0, 2, 0, 2, 2, 2, 0], [0, 0, 0, 2, 0, 2, 0, 2, 0, 0, 0], [0, 2, 2, 2, 2, 2, 2, 2, 2, 2, 0], [0, 2, 0, 2, 0, 0, 0, 2, 0, 2, 0], [0, 2, 0, 2, 0, 1, 0, 2, 0, 2, 0], [0, 1, 0, 2, 0, 4, 1, 2, 0, 2, 0], [0, 1, 0, 2, 0, 1, 1, 2, 0, 2, 0], [0, 1, 0, 2, 0, 1, 0, 2, 0, 2, 0], [0, 1, 0, 2, 0, 0, 0, 2, 0, 2, 0], [0, 5, 1, 2, 2, 2, 2, 2, 2, 2, 0], [0, 0, 0, 2, 0, 2, 0, 2, 0, 0, 0], [0, 2, 4, 2, 0, 2, 0, 2, 2, 2, 0], [0, 2, 0, 2, 2, 2, 2, 2, 0, 2, 0], [0, 2, 0, 0, 0, 2, 0, 0, 0, 2, 0], [0, 3, 2, 2, 2, 2, 2, 2, 2, 2, 0], [0, 0, 0, 0, 0, 0, 0, 0, 0, 0, 0]]"
2026-05-28T22:31:29.956891,0,West,36.0,False,False,False,"[[0, 0, 0, 0, 0, 0, 0, 0, 0, 0, 0], [0, 2, 2, 2, 2, 2, 2, 2, 2, 3, 0], [0, 2, 0, 0, 0, 2, 0, 0, 0, 2, 0], [0, 2, 0, 2, 2, 2, 2, 2, 0, 2, 0], [0, 2, 2, 2, 0, 2, 0, 2, 2, 2, 0], [0, 0, 0, 2, 0, 2, 0, 2, 0, 0, 0], [0, 2, 2, 2, 2, 2, 2, 2, 2, 2, 0], [0, 2, 0, 2, 0, 0, 0, 2, 0, 2, 0], [0, 2, 0, 2, 0, 4, 0, 2, 0, 2, 0], [0, 1, 0, 2, 0, 1, 1, 2, 0, 2, 0], [0, 1, 0, 2, 0, 1, 1, 2, 0, 2, 0], [0, 1, 0, 2, 0, 1, 0, 2, 0, 2, 0], [0, 5, 0, 2, 0, 0, 0, 2, 0, 2, 0], [0, 1, 1, 2, 2, 2, 2, 2, 2, 2, 0], [0, 0, 0, 2, 0, 2, 0, 2, 0, 0, 0], [0, 4, 2, 2, 0, 2, 0, 2, 2, 2, 0], [0, 2, 0, 2, 2, 2, 2, 2, 0, 2, 0], [0, 2, 0, 0, 0, 2, 0, 0, 0, 2, 0], [0, 3, 2, 2, 2, 2, 2, 2, 2, 2, 0], [0, 0, 0, 0, 0, 0, 0, 0, 0, 0, 0]]"
2026-05-28T22:31:29.959208,0,East,35.0,False,False,False,"[[0, 0, 0, 0, 0, 0, 0, 0, 0, 0, 0], [0, 2, 2, 2, 2, 2, 2, 2, 2, 3, 0], [0, 2, 0, 0, 0, 2, 0, 0, 0, 2, 0], [0, 2, 0, 2, 2, 2, 2, 2, 0, 2, 0], [0, 2, 2, 2, 0, 2, 0, 2, 2, 2, 0], [0, 0, 0, 2, 0, 2, 0, 2, 0, 0, 0], [0, 2, 2, 2, 2, 2, 2, 2, 2, 2, 0], [0, 2, 0, 2, 0, 0, 0, 2, 0, 2, 0], [0, 2, 0, 2, 0, 1, 0, 2, 0, 2, 0], [0, 1, 0, 2, 0, 4, 1, 2, 0, 2, 0], [0, 1, 0, 2, 0, 1, 1, 2, 0, 2, 0], [0, 5, 0, 2, 0, 1, 0, 2, 0, 2, 0], [0, 1, 0, 2, 0, 0, 0, 2, 0, 2, 0], [0, 1, 1, 2, 2, 2, 2, 2, 2, 2, 0], [0, 0, 0, 2, 0, 2, 0, 2, 0, 0, 0], [0, 2, 2, 2, 0, 2, 0, 2, 2, 2, 0], [0, 4, 0, 2, 2, 2, 2, 2, 0, 2, 0], [0, 2, 0, 0, 0, 2, 0, 0, 0, 2, 0], [0, 3, 2, 2, 2, 2, 2, 2, 2, 2, 0], [0, 0, 0, 0, 0, 0, 0, 0, 0, 0, 0]]"
2026-05-28T22:31:29.961524,0,East,34.0,False,False,False,"[[0, 0, 0, 0, 0, 0, 0, 0, 0, 0, 0], [0, 2, 2, 2, 2, 2, 2, 2, 2, 3, 0], [0, 2, 0, 0, 0, 2, 0, 0, 0, 2, 0], [0, 2, 0, 2, 2, 2, 2, 2, 0, 2, 0], [0, 2, 2, 2, 0, 2, 0, 2, 2, 2, 0], [0, 0, 0, 2, 0, 2, 0, 2, 0, 0, 0], [0, 2, 2, 2, 2, 2, 2, 2, 2, 2, 0], [0, 2, 0, 2, 0, 0, 0, 2, 0, 2, 0], [0, 2, 0, 2, 0, 1, 0, 2, 0, 2, 0], [0, 1, 0, 2, 0, 1, 1, 2, 0, 2, 0], [0, 1, 0, 2, 0, 4, 1, 2, 0, 2, 0], [0, 1, 0, 2, 0, 1, 0, 2, 0, 2, 0], [0, 5, 0, 2, 0, 0, 0, 2, 0, 2, 0], [0, 1, 1, 2, 2, 2, 2, 2, 2, 2, 0], [0, 0, 0, 2, 0, 2, 0, 2, 0, 0, 0], [0, 2, 2, 2, 0, 2, 0, 2, 2, 2, 0], [0, 2, 0, 2, 2, 2, 2, 2, 0, 2, 0], [0, 4, 0, 0, 0, 2, 0, 0, 0, 2, 0], [0, 3, 2, 2, 2, 2, 2, 2, 2, 2, 0], [0, 0, 0, 0, 0, 0, 0, 0, 0, 0, 0]]"
2026-05-28T22:31:29.963873,0,North,33.0,False,False,False,"[[0, 0, 0, 0, 0, 0, 0, 0, 0, 0, 0], [0, 2, 2, 2, 2, 2, 2, 2, 2, 3, 0], [0, 2, 0, 0, 0, 2, 0, 0, 0, 2, 0], [0, 2, 0, 2, 2, 2, 2, 2, 0, 2, 0], [0, 2, 2, 2, 0, 2, 0, 2, 2, 2, 0], [0, 0, 0, 2, 0, 2, 0, 2, 0, 0, 0], [0, 2, 2, 2, 2, 2, 2, 2, 2, 2, 0], [0, 2, 0, 2, 0, 0, 0, 2, 0, 2, 0], [0, 2, 0, 2, 0, 1, 0, 2, 0, 2, 0], [0, 1, 0, 2, 0, 1, 1, 2, 0, 2, 0], [0, 1, 0, 2, 0, 1, 1, 2, 0, 2, 0], [0, 1, 0, 2, 0, 4, 0, 2, 0, 2, 0], [0, 1, 0, 2, 0, 0, 0, 2, 0, 2, 0], [0, 5, 1, 2, 2, 2, 2, 2, 2, 2, 0], [0, 0, 0, 2, 0, 2, 0, 2, 0, 0, 0], [0, 2, 2, 2, 0, 2, 0, 2, 2, 2, 0], [0, 2, 0, 2, 2, 2, 2, 2, 0, 2, 0], [0, 2, 0, 0, 0, 2, 0, 0, 0, 2, 0], [0, 4, 2, 2, 2, 2, 2, 2, 2, 2, 0], [0, 0, 0, 0, 0, 0, 0, 0, 0, 0, 0]]"
2026-05-28T22:31:29.966228,0,North,32.0,False,False,False,"[[0, 0, 0, 0, 0, 0, 0, 0, 0, 0, 0], [0, 2, 2, 2, 2, 2, 2, 2, 2, 3, 0], [0, 2, 0, 0, 0, 2, 0, 0, 0, 2, 0], [0, 2, 0, 2, 2, 2, 2, 2, 0, 2, 0], [0, 2, 2, 2, 0, 2, 0, 2, 2, 2, 0], [0, 0, 0, 2, 0, 2, 0, 2, 0, 0, 0], [0, 2, 2, 2, 2, 2, 2, 2, 2, 2, 0], [0, 2, 0, 2, 0, 0, 0, 2, 0, 2, 0], [0, 2, 0, 2, 0, 1, 0, 2, 0, 2, 0], [0, 1, 0, 2, 0, 1, 1, 2, 0, 2, 0], [0, 1, 0, 2, 0, 4, 1, 2, 0, 2, 0], [0, 1, 0, 2, 0, 1, 0, 2, 0, 2, 0], [0, 1, 0, 2, 0, 0, 0, 2, 0, 2, 0], [0, 1, 5, 2, 2, 2, 2, 2, 2, 2, 0], [0, 0, 0, 2, 0, 2, 0, 2, 0, 0, 0], [0, 2, 2, 2, 0, 2, 0, 2, 2, 2, 0], [0, 2, 0, 2, 2, 2, 2, 2, 0, 2, 0], [0, 2, 0, 0, 0, 2, 0, 0, 0, 2, 0], [0, 3, 4, 2, 2, 2, 2, 2, 2, 2, 0], [0, 0, 0, 0, 0, 0, 0, 0, 0, 0, 0]]"
2026-05-28T22:31:29.969373,0,East,41.0,False,False,False,"[[0, 0, 0, 0, 0, 0, 0, 0, 0, 0, 0], [0, 2, 2, 2, 2, 2, 2, 2, 2, 3, 0], [0, 2, 0, 0, 0, 2, 0, 0, 0, 2, 0], [0, 2, 0, 2, 2, 2, 2, 2, 0, 2, 0], [0, 2, 2, 2, 0, 2, 0, 2, 2, 2, 0], [0, 0, 0, 2, 0, 2, 0, 2, 0, 0, 0], [0, 2, 2, 2, 2, 2, 2, 2, 2, 2, 0], [0, 2, 0, 2, 0, 0, 0, 2, 0, 2, 0], [0, 2, 0, 2, 0, 1, 0, 2, 0, 2, 0], [0, 1, 0, 2, 0, 4, 1, 2, 0, 2, 0], [0, 1, 0, 2, 0, 1, 1, 2, 0, 2, 0], [0, 1, 0, 2, 0, 1, 0, 2, 0, 2, 0], [0, 1, 0, 2, 0, 0, 0, 2, 0, 2, 0], [0, 1, 1, 5, 2, 2, 2, 2, 2, 2, 0], [0, 0, 0, 2, 0, 2, 0, 2, 0, 0, 0], [0, 2, 2, 2, 0, 2, 0, 2, 2, 2, 0], [0, 2, 0, 2, 2, 2, 2, 2, 0, 2, 0], [0, 2, 0, 0, 0, 2, 0, 0, 0, 2, 0], [0, 3, 2, 4, 2, 2, 2, 2, 2, 2, 0], [0, 0, 0, 0, 0, 0, 0, 0, 0, 0, 0]]"
2026-05-28T22:31:29.971740,0,East,50.0,False,False,False,"[[0, 0, 0, 0, 0, 0, 0, 0, 0, 0, 0], [0, 2, 2, 2, 2, 2, 2, 2, 2, 3, 0], [0, 2, 0, 0, 0, 2, 0, 0, 0, 2, 0], [0, 2, 0, 2, 2, 2, 2, 2, 0, 2, 0], [0, 2, 2, 2, 0, 2, 0, 2, 2, 2, 0], [0, 0, 0, 2, 0, 2, 0, 2, 0, 0, 0], [0, 2, 2, 2, 2, 2, 2, 2, 2, 2, 0], [0, 2, 0, 2, 0, 0, 0, 2, 0, 2, 0], [0, 2, 0, 2, 0, 4, 0, 2, 0, 2, 0], [0, 1, 0, 2, 0, 1, 1, 2, 0, 2, 0], [0, 1, 0, 2, 0, 1, 1, 2, 0, 2, 0], [0, 1, 0, 2, 0, 1, 0, 2, 0, 2, 0], [0, 1, 0, 2, 0, 0, 0, 2, 0, 2, 0], [0, 1, 1, 1, 2, 2, 2, 2, 2, 2, 0], [0, 0, 0, 5, 0, 2, 0, 2, 0, 0, 0], [0, 2, 2, 2, 0, 2, 0, 2, 2, 2, 0], [0, 2, 0, 2, 2, 2, 2, 2, 0, 2, 0], [0, 2, 0, 0, 0, 2, 0, 0, 0, 2, 0], [0, 3, 2, 2, 4, 2, 2, 2, 2, 2, 0], [0, 0, 0, 0, 0, 0, 0, 0, 0, 0, 0]]"
2026-05-28T22:31:29.974474,0,South,59.0,False,False,False,"[[0, 0, 0, 0, 0, 0, 0, 0, 0, 0, 0], [0, 2, 2, 2, 2, 2, 2, 2, 2, 3, 0], [0, 2, 0, 0, 0, 2, 0, 0, 0, 2, 0], [0, 2, 0, 2, 2, 2, 2, 2, 0, 2, 0], [0, 2, 2, 2, 0, 2, 0, 2, 2, 2, 0], [0, 0, 0, 2, 0, 2, 0, 2, 0, 0, 0], [0, 2, 2, 2, 2, 2, 2, 2, 2, 2, 0], [0, 2, 0, 2, 0, 0, 0, 2, 0, 2, 0], [0, 2, 0, 2, 0, 1, 0, 2, 0, 2, 0], [0, 1, 0, 2, 0, 4, 1, 2, 0, 2, 0], [0, 1, 0, 2, 0, 1, 1, 2, 0, 2, 0], [0, 1, 0, 2, 0, 1, 0, 2, 0, 2, 0], [0, 1, 0, 2, 0, 0, 0, 2, 0, 2, 0], [0, 1, 1, 1, 2, 2, 2, 2, 2, 2, 0], [0, 0, 0, 1, 0, 2, 0, 2, 0, 0, 0], [0, 2, 2, 5, 0, 2, 0, 2, 2, 2, 0], [0, 2, 0, 2, 2, 2, 2, 2, 0, 2, 0], [0, 2, 0, 0, 0, 2, 0, 0, 0, 2, 0], [0, 3, 2, 2, 2, 4, 2, 2, 2, 2, 0], [0, 0, 0, 0, 0, 0, 0, 0, 0, 0, 0]]"
2026-05-28T22:31:29.976821,0,South,68.0,False,False,False,"[[0, 0, 0, 0, 0, 0, 0, 0, 0, 0, 0], [0, 2, 2, 2, 2, 2, 2, 2, 2, 3, 0], [0, 2, 0, 0, 0, 2, 0, 0, 0, 2, 0], [0, 2, 0, 2, 2, 2, 2, 2, 0, 2, 0], [0, 2, 2, 2, 0, 2, 0, 2, 2, 2, 0], [0, 0, 0, 2, 0, 2, 0, 2, 0, 0, 0], [0, 2, 2, 2, 2, 2, 2, 2, 2, 2, 0], [0, 2, 0, 2, 0, 0, 0, 2, 0, 2, 0], [0, 2, 0, 2, 0, 1, 0, 2, 0, 2, 0], [0, 1, 0, 2, 0, 1, 1, 2, 0, 2, 0], [0, 1, 0, 2, 0, 4, 1, 2, 0, 2, 0], [0, 1, 0, 2, 0, 1, 0, 2, 0, 2, 0], [0, 1, 0, 2, 0, 0, 0, 2, 0, 2, 0], [0, 1, 1, 1, 2, 2, 2, 2, 2, 2, 0], [0, 0, 0, 1, 0, 2, 0, 2, 0, 0, 0], [0, 2, 5, 1, 0, 2, 0, 2, 2, 2, 0], [0, 2, 0, 2, 2, 2, 2, 2, 0, 2, 0], [0, 2, 0, 0, 0, 4, 0, 0, 0, 2, 0], [0, 3, 2, 2, 2, 2, 2, 2, 2, 2, 0], [0, 0, 0, 0, 0, 0, 0, 0, 0, 0, 0]]"
2026-05-28T22:31:29.979160,0,East,77.0,False,False,False,"[[0, 0, 0, 0, 0, 0, 0, 0, 0, 0, 0], [0, 2, 2, 2, 2, 2, 2, 2, 2, 3, 0], [0, 2, 0, 0, 0, 2, 0, 0, 0, 2, 0], [0, 2, 0, 2, 2, 2, 2, 2, 0, 2, 0], [0, 2, 2, 2, 0, 2, 0, 2, 2, 2, 0], [0, 0, 0, 2, 0, 2, 0, 2, 0, 0, 0], [0, 2, 2, 2, 2, 2, 2, 2, 2, 2, 0], [0, 2, 0, 2, 0, 0, 0, 2, 0, 2, 0], [0, 2, 0, 2, 0, 1, 0, 2, 0, 2, 0], [0, 1, 0, 2, 0, 1, 1, 2, 0, 2, 0], [0, 1, 0, 2, 0, 1, 1, 2, 0, 2, 0], [0, 1, 0, 2, 0, 4, 0, 2, 0, 2, 0], [0, 1, 0, 2, 0, 0, 0, 2, 0, 2, 0], [0, 1, 1, 1, 2, 2, 2, 2, 2, 2, 0], [0, 0, 0, 1, 0, 2, 0, 2, 0, 0, 0], [0, 5, 1, 1, 0, 2, 0, 2, 2, 2, 0], [0, 2, 0, 2, 2, 4, 2, 2, 0, 2, 0], [0, 2, 0, 0, 0, 2, 0, 0, 0, 2, 0], [0, 3, 2, 2, 2, 2, 2, 2, 2, 2, 0], [0, 0, 0, 0, 0, 0, 0, 0, 0, 0, 0]]"
2026-05-28T22:31:29.981495,0,East,86.0,False,False,False,"[[0, 0, 0, 0, 0, 0, 0, 0, 0, 0, 0], [0, 2, 2, 2, 2, 2, 2, 2, 2, 3, 0], [0, 2, 0, 0, 0, 2, 0, 0, 0, 2, 0], [0, 2, 0, 2, 2, 2, 2, 2, 0, 2, 0], [0, 2, 2, 2, 0, 2, 0, 2, 2, 2, 0], [0, 0, 0, 2, 0, 2, 0, 2, 0, 0, 0], [0, 2, 2, 2, 2, 2, 2, 2, 2, 2, 0], [0, 2, 0, 2, 0, 0, 0, 2, 0, 2, 0], [0, 2, 0, 2, 0, 1, 0, 2, 0, 2, 0], [0, 1, 0, 2, 0, 1, 1, 2, 0, 2, 0], [0, 1, 0, 2, 0, 4, 1, 2, 0, 2, 0], [0, 1, 0, 2, 0, 1, 0, 2, 0, 2, 0], [0, 1, 0, 2, 0, 0, 0, 2, 0, 2, 0], [0, 1, 1, 1, 2, 2, 2, 2, 2, 2, 0], [0, 0, 0, 1, 0, 2, 0, 2, 0, 0, 0], [0, 1, 1, 1, 0, 2, 0, 2, 2, 2, 0], [0, 5, 0, 2, 4, 2, 2, 2, 0, 2, 0], [0, 2, 0, 0, 0, 2, 0, 0, 0, 2, 0], [0, 3, 2, 2, 2, 2, 2, 2, 2, 2, 0], [0, 0, 0, 0, 0, 0, 0, 0, 0, 0, 0]]"
2026-05-28T22:31:29.986186,0,East,95.0,False,False,False,"[[0, 0, 0, 0, 0, 0, 0, 0, 0, 0, 0], [0, 2, 2, 2, 2, 2, 2, 2, 2, 3, 0], [0, 2, 0, 0, 0, 2, 0, 0, 0, 2, 0], [0, 2, 0, 2, 2, 2, 2, 2, 0, 2, 0], [0, 2, 2, 2, 0, 2, 0, 2, 2, 2, 0], [0, 0, 0, 2, 0, 2, 0, 2, 0, 0, 0], [0, 2, 2, 2, 2, 2, 2, 2, 2, 2, 0], [0, 2, 0, 2, 0, 0, 0, 2, 0, 2, 0], [0, 2, 0, 2, 0, 1, 0, 2, 0, 2, 0], [0, 1, 0, 2, 0, 4, 1, 2, 0, 2, 0], [0, 1, 0, 2, 0, 1, 1, 2, 0, 2, 0], [0, 1, 0, 2, 0, 1, 0, 2, 0, 2, 0], [0, 1, 0, 2, 0, 0, 0, 2, 0, 2, 0], [0, 1, 1, 1, 2, 2, 2, 2, 2, 2, 0], [0, 0, 0, 1, 0, 2, 0, 2, 0, 0, 0], [0, 1, 1, 1, 0, 2, 0, 2, 2, 2, 0], [0, 1, 0, 4, 2, 2, 2, 2, 0, 2, 0], [0, 5, 0, 0, 0, 2, 0, 0, 0, 2, 0], [0, 3, 2, 2, 2, 2, 2, 2, 2, 2, 0], [0, 0, 0, 0, 0, 0, 0, 0, 0, 0, 0]]"
2026-05-28T22:31:29.988541,0,North,94.0,False,False,False,"[[0, 0, 0, 0, 0, 0, 0, 0, 0, 0, 0], [0, 2, 2, 2, 2, 2, 2, 2, 2, 3, 0], [0, 2, 0, 0, 0, 2, 0, 0, 0, 2, 0], [0, 2, 0, 2, 2, 2, 2, 2, 0, 2, 0], [0, 2, 2, 2, 0, 2, 0, 2, 2, 2, 0], [0, 0, 0, 2, 0, 2, 0, 2, 0, 0, 0], [0, 2, 2, 2, 2, 2, 2, 2, 2, 2, 0], [0, 2, 0, 2, 0, 0, 0, 2, 0, 2, 0], [0, 2, 0, 2, 0, 4, 0, 2, 0, 2, 0], [0, 1, 0, 2, 0, 1, 1, 2, 0, 2, 0], [0, 1, 0, 2, 0, 1, 1, 2, 0, 2, 0], [0, 1, 0, 2, 0, 1, 0, 2, 0, 2, 0], [0, 1, 0, 2, 0, 0, 0, 2, 0, 2, 0], [0, 1, 1, 1, 2, 2, 2, 2, 2, 2, 0], [0, 0, 0, 1, 0, 2, 0, 2, 0, 0, 0], [0, 1, 1, 4, 0, 2, 0, 2, 2, 2, 0], [0, 1, 0, 2, 2, 2, 2, 2, 0, 2, 0], [0, 1, 0, 0, 0, 2, 0, 0, 0, 2, 0], [0, 5, 2, 2, 2, 2, 2, 2, 2, 2, 0], [0, 0, 0, 0, 0, 0, 0, 0, 0, 0, 0]]"
2026-05-28T22:31:29.990901,0,North,103.0,False,False,False,"[[0, 0, 0, 0, 0, 0, 0, 0, 0, 0, 0], [0, 2, 2, 2, 2, 2, 2, 2, 2, 3, 0], [0, 2, 0, 0, 0, 2, 0, 0, 0, 2, 0], [0, 2, 0, 2, 2, 2, 2, 2, 0, 2, 0], [0, 2, 2, 2, 0, 2, 0, 2, 2, 2, 0], [0, 0, 0, 2, 0, 2, 0, 2, 0, 0, 0], [0, 2, 2, 2, 2, 2, 2, 2, 2, 2, 0], [0, 2, 0, 2, 0, 0, 0, 2, 0, 2, 0], [0, 2, 0, 2, 0, 4, 0, 2, 0, 2, 0], [0, 1, 0, 2, 0, 1, 1, 2, 0, 2, 0], [0, 1, 0, 2, 0, 1, 1, 2, 0, 2, 0], [0, 1, 0, 2, 0, 1, 0, 2, 0, 2, 0], [0, 1, 0, 2, 0, 0, 0, 2, 0, 2, 0], [0, 1, 1, 1, 2, 2, 2, 2, 2, 2, 0], [0, 0, 0, 1, 0, 2, 0, 2, 0, 0, 0], [0, 1, 1, 4, 0, 2, 0, 2, 2, 2, 0], [0, 1, 0, 2, 2, 2, 2, 2, 0, 2, 0], [0, 1, 0, 0, 0, 2, 0, 0, 0, 2, 0], [0, 1, 5, 2, 2, 2, 2, 2, 2, 2, 0], [0, 0, 0, 0, 0, 0, 0, 0, 0, 0, 0]]"
2026-05-28T22:31:29.993255,0,South,112.0,False,False,False,"[[0, 0, 0, 0, 0, 0, 0, 0, 0, 0, 0], [0, 2, 2, 2, 2, 2, 2, 2, 2, 3, 0], [0, 2, 0, 0, 0, 2, 0, 0, 0, 2, 0], [0, 2, 0, 2, 2, 2, 2, 2, 0, 2, 0], [0, 2, 2, 2, 0, 2, 0, 2, 2, 2, 0], [0, 0, 0, 2, 0, 2, 0, 2, 0, 0, 0], [0, 2, 2, 2, 2, 2, 2, 2, 2, 2, 0], [0, 2, 0, 2, 0, 0, 0, 2, 0, 2, 0], [0, 2, 0, 2, 0, 4, 0, 2, 0, 2, 0], [0, 1, 0, 2, 0, 1, 1, 2, 0, 2, 0], [0, 1, 0, 2, 0, 1, 1, 2, 0, 2, 0], [0, 1, 0, 2, 0, 1, 0, 2, 0, 2, 0], [0, 1, 0, 2, 0, 0, 0, 2, 0, 2, 0], [0, 1, 1, 1, 2, 2, 2, 2, 2, 2, 0], [0, 0, 0, 1, 0, 2, 0, 2, 0, 0, 0], [0, 1, 4, 1, 0, 2, 0, 2, 2, 2, 0], [0, 1, 0, 2, 2, 2, 2, 2, 0, 2, 0], [0, 1, 0, 0, 0, 2, 0, 0, 0, 2, 0], [0, 1, 1, 5, 2, 2, 2, 2, 2, 2, 0], [0, 0, 0, 0, 0, 0, 0, 0, 0, 0, 0]]"
2026-05-28T22:31:29.995543,0,South,111.0,False,False,False,"[[0, 0, 0, 0, 0, 0, 0, 0, 0, 0, 0], [0, 2, 2, 2, 2, 2, 2, 2, 2, 3, 0], [0, 2, 0, 0, 0, 2, 0, 0, 0, 2, 0], [0, 2, 0, 2, 2, 2, 2, 2, 0, 2, 0], [0, 2, 2, 2, 0, 2, 0, 2, 2, 2, 0], [0, 0, 0, 2, 0, 2, 0, 2, 0, 0, 0], [0, 2, 2, 2, 2, 2, 2, 2, 2, 2, 0], [0, 2, 0, 2, 0, 0, 0, 2, 0, 2, 0], [0, 2, 0, 2, 0, 1, 0, 2, 0, 2, 0], [0, 1, 0, 2, 0, 4, 1, 2, 0, 2, 0], [0, 1, 0, 2, 0, 1, 1, 2, 0, 2, 0], [0, 1, 0, 2, 0, 1, 0, 2, 0, 2, 0], [0, 1, 0, 2, 0, 0, 0, 2, 0, 2, 0], [0, 1, 1, 1, 2, 2, 2, 2, 2, 2, 0], [0, 0, 0, 1, 0, 2, 0, 2, 0, 0, 0], [0, 1, 4, 1, 0, 2, 0, 2, 2, 2, 0], [0, 1, 0, 2, 2, 2, 2, 2, 0, 2, 0], [0, 1, 0, 0, 0, 2, 0, 0, 0, 2, 0], [0, 1, 5, 1, 2, 2, 2, 2, 2, 2, 0], [0, 0, 0, 0, 0, 0, 0, 0, 0, 0, 0]]"
2026-05-28T22:31:29.997838,0,West,110.0,False,False,False,"[[0, 0, 0, 0, 0, 0, 0, 0, 0, 0, 0], [0, 2, 2, 2, 2, 2, 2, 2, 2, 3, 0], [0, 2, 0, 0, 0, 2, 0, 0, 0, 2, 0], [0, 2, 0, 2, 2, 2, 2, 2, 0, 2, 0], [0, 2, 2, 2, 0, 2, 0, 2, 2, 2, 0], [0, 0, 0, 2, 0, 2, 0, 2, 0, 0, 0], [0, 2, 2, 2, 2, 2, 2, 2, 2, 2, 0], [0, 2, 0, 2, 0, 0, 0, 2, 0, 2, 0], [0, 2, 0, 2, 0, 1, 0, 2, 0, 2, 0], [0, 1, 0, 2, 0, 4, 1, 2, 0, 2, 0], [0, 1, 0, 2, 0, 1, 1, 2, 0, 2, 0], [0, 1, 0, 2, 0, 1, 0, 2, 0, 2, 0], [0, 1, 0, 2, 0, 0, 0, 2, 0, 2, 0], [0, 1, 1, 1, 2, 2, 2, 2, 2, 2, 0], [0, 0, 0, 1, 0, 2, 0, 2, 0, 0, 0], [0, 4, 1, 1, 0, 2, 0, 2, 2, 2, 0], [0, 1, 0, 2, 2, 2, 2, 2, 0, 2, 0], [0, 1, 0, 0, 0, 2, 0, 0, 0, 2, 0], [0, 5, 1, 1, 2, 2, 2, 2, 2, 2, 0], [0, 0, 0, 0, 0, 0, 0, 0, 0, 0, 0]]"
2026-05-28T22:31:30.000140,0,West,109.0,False,False,False,"[[0, 0, 0, 0, 0, 0, 0, 0, 0, 0, 0], [0, 2, 2, 2, 2, 2, 2, 2, 2, 3, 0], [0, 2, 0, 0, 0, 2, 0, 0, 0, 2, 0], [0, 2, 0, 2, 2, 2, 2, 2, 0, 2, 0], [0, 2, 2, 2, 0, 2, 0, 2, 2, 2, 0], [0, 0, 0, 2, 0, 2, 0, 2, 0, 0, 0], [0, 2, 2, 2, 2, 2, 2, 2, 2, 2, 0], [0, 2, 0, 2, 0, 0, 0, 2, 0, 2, 0], [0, 2, 0, 2, 0, 1, 0, 2, 0, 2, 0], [0, 1, 0, 2, 0, 1, 1, 2, 0, 2, 0], [0, 1, 0, 2, 0, 4, 1, 2, 0, 2, 0], [0, 1, 0, 2, 0, 1, 0, 2, 0, 2, 0], [0, 1, 0, 2, 0, 0, 0, 2, 0, 2, 0], [0, 1, 1, 1, 2, 2, 2, 2, 2, 2, 0], [0, 0, 0, 1, 0, 2, 0, 2, 0, 0, 0], [0, 4, 1, 1, 0, 2, 0, 2, 2, 2, 0], [0, 1, 0, 2, 2, 2, 2, 2, 0, 2, 0], [0, 5, 0, 0, 0, 2, 0, 0, 0, 2, 0], [0, 1, 1, 1, 2, 2, 2, 2, 2, 2, 0], [0, 0, 0, 0, 0, 0, 0, 0, 0, 0, 0]]"
2026-05-28T22:31:30.002432,0,East,308.0,False,False,False,"[[0, 0, 0, 0, 0, 0, 0, 0, 0, 0, 0], [0, 2, 2, 2, 2, 2, 2, 2, 2, 3, 0], [0, 2, 0, 0, 0, 2, 0, 0, 0, 2, 0], [0, 2, 0, 2, 2, 2, 2, 2, 0, 2, 0], [0, 2, 2, 2, 0, 2, 0, 2, 2, 2, 0], [0, 0, 0, 2, 0, 2, 0, 2, 0, 0, 0], [0, 2, 2, 2, 2, 2, 2, 2, 2, 2, 0], [0, 2, 0, 2, 0, 0, 0, 2, 0, 2, 0], [0, 2, 0, 2, 0, 1, 0, 2, 0, 2, 0], [0, 1, 0, 2, 0, 1, 1, 2, 0, 2, 0], [0, 1, 0, 2, 0, 4, 1, 2, 0, 2, 0], [0, 1, 0, 2, 0, 4, 0, 2, 0, 2, 0], [0, 1, 0, 2, 0, 0, 0, 2, 0, 2, 0], [0, 1, 1, 1, 2, 2, 2, 2, 2, 2, 0], [0, 0, 0, 1, 0, 2, 0, 2, 0, 0, 0], [0, 1, 1, 1, 0, 2, 0, 2, 2, 2, 0], [0, 5, 0, 2, 2, 2, 2, 2, 0, 2, 0], [0, 1, 0, 0, 0, 2, 0, 0, 0, 2, 0], [0, 1, 1, 1, 2, 2, 2, 2, 2, 2, 0], [0, 0, 0, 0, 0, 0, 0, 0, 0, 0, 0]]"
2026-05-28T22:31:30.004736,0,East,307.0,False,False,False,"[[0, 0, 0, 0, 0, 0, 0, 0, 0, 0, 0], [0, 2, 2, 2, 2, 2, 2, 2, 2, 3, 0], [0, 2, 0, 0, 0, 2, 0, 0, 0, 2, 0], [0, 2, 0, 2, 2, 2, 2, 2, 0, 2, 0], [0, 2, 2, 2, 0, 2, 0, 2, 2, 2, 0], [0, 0, 0, 2, 0, 2, 0, 2, 0, 0, 0], [0, 2, 2, 2, 2, 2, 2, 2, 2, 2, 0], [0, 2, 0, 2, 0, 0, 0, 2, 0, 2, 0], [0, 2, 0, 2, 0, 1, 0, 2, 0, 2, 0], [0, 1, 0, 2, 0, 1, 1, 2, 0, 2, 0], [0, 1, 0, 2, 0, 4, 4, 2, 0, 2, 0], [0, 1, 0, 2, 0, 1, 0, 2, 0, 2, 0], [0, 1, 0, 2, 0, 0, 0, 2, 0, 2, 0], [0, 1, 1, 1, 2, 2, 2, 2, 2, 2, 0], [0, 0, 0, 1, 0, 2, 0, 2, 0, 0, 0], [0, 1, 1, 1, 0, 2, 0, 2, 2, 2, 0], [0, 1, 0, 2, 2, 2, 2, 2, 0, 2, 0], [0, 5, 0, 0, 0, 2, 0, 0, 0, 2, 0], [0, 1, 1, 1, 2, 2, 2, 2, 2, 2, 0], [0, 0, 0, 0, 0, 0, 0, 0, 0, 0, 0]]"
2026-05-28T22:31:30.007045,0,West,306.0,False,False,False,"[[0, 0, 0, 0, 0, 0, 0, 0, 0, 0, 0], [0, 2, 2, 2, 2, 2, 2, 2, 2, 3, 0], [0, 2, 0, 0, 0, 2, 0, 0, 0, 2, 0], [0, 2, 0, 2, 2, 2, 2, 2, 0, 2, 0], [0, 2, 2, 2, 0, 2, 0, 2, 2, 2, 0], [0, 0, 0, 2, 0, 2, 0, 2, 0, 0, 0], [0, 2, 2, 2, 2, 2, 2, 2, 2, 2, 0], [0, 2, 0, 2, 0, 0, 0, 2, 0, 2, 0], [0, 2, 0, 2, 0, 1, 0, 2, 0, 2, 0], [0, 1, 0, 2, 0, 4, 1, 2, 0, 2, 0], [0, 1, 0, 2, 0, 1, 4, 2, 0, 2, 0], [0, 1, 0, 2, 0, 1, 0, 2, 0, 2, 0], [0, 1, 0, 2, 0, 0, 0, 2, 0, 2, 0], [0, 1, 1, 1, 2, 2, 2, 2, 2, 2, 0], [0, 0, 0, 1, 0, 2, 0, 2, 0, 0, 0], [0, 1, 1, 1, 0, 2, 0, 2, 2, 2, 0], [0, 1, 0, 2, 2, 2, 2, 2, 0, 2, 0], [0, 1, 0, 0, 0, 2, 0, 0, 0, 2, 0], [0, 5, 1, 1, 2, 2, 2, 2, 2, 2, 0], [0, 0, 0, 0, 0, 0, 0, 0, 0, 0, 0]]"
2026-05-28T22:31:30.009351,0,East,305.0,False,False,False,"[[0, 0, 0, 0, 0, 0, 0, 0, 0, 0, 0], [0, 2, 2, 2, 2, 2, 2, 2, 2, 3, 0], [0, 2, 0, 0, 0, 2, 0, 0, 0, 2, 0], [0, 2, 0, 2, 2, 2, 2, 2, 0, 2, 0], [0, 2, 2, 2, 0, 2, 0, 2, 2, 2, 0], [0, 0, 0, 2, 0, 2, 0, 2, 0, 0, 0], [0, 2, 2, 2, 2, 2, 2, 2, 2, 2, 0], [0, 2, 0, 2, 0, 0, 0, 2, 0, 2, 0], [0, 2, 0, 2, 0, 4, 0, 2, 0, 2, 0], [0, 1, 0, 2, 0, 1, 1, 2, 0, 2, 0], [0, 1, 0, 2, 0, 1, 1, 4, 0, 2, 0], [0, 1, 0, 2, 0, 1, 0, 2, 0, 2, 0], [0, 1, 0, 2, 0, 0, 0, 2, 0, 2, 0], [0, 1, 1, 1, 2, 2, 2, 2, 2, 2, 0], [0, 0, 0, 1, 0, 2, 0, 2, 0, 0, 0], [0, 1, 1, 1, 0, 2, 0, 2, 2, 2, 0], [0, 1, 0, 2, 2, 2, 2, 2, 0, 2, 0], [0, 5, 0, 0, 0, 2, 0, 0, 0, 2, 0], [0, 1, 1, 1, 2, 2, 2, 2, 2, 2, 0], [0, 0, 0, 0, 0, 0, 0, 0, 0, 0, 0]]"
2026-05-28T22:31:30.011660,0,West,304.0,False,False,False,"[[0, 0, 0, 0, 0, 0, 0, 0, 0, 0, 0], [0, 2, 2, 2, 2, 2, 2, 2, 2, 3, 0], [0, 2, 0, 0, 0, 2, 0, 0, 0, 2, 0], [0, 2, 0, 2, 2, 2, 2, 2, 0, 2, 0], [0, 2, 2, 2, 0, 2, 0, 2, 2, 2, 0], [0, 0, 0, 2, 0, 2, 0, 2, 0, 0, 0], [0, 2, 2, 2, 2, 2, 2, 2, 2, 2, 0], [0, 2, 0, 2, 0, 0, 0, 2, 0, 2, 0], [0, 2, 0, 2, 0, 1, 0, 2, 0, 2, 0], [0, 1, 0, 2, 0, 4, 1, 4, 0, 2, 0], [0, 1, 0, 2, 0, 1, 1, 2, 0, 2, 0], [0, 1, 0, 2, 0, 1, 0, 2, 0, 2, 0], [0, 1, 0, 2, 0, 0, 0, 2, 0, 2, 0], [0, 1, 1, 1, 2, 2, 2, 2, 2, 2, 0], [0, 0, 0, 1, 0, 2, 0, 2, 0, 0, 0], [0, 1, 1, 1, 0, 2, 0, 2, 2, 2, 0], [0, 1, 0, 2, 2, 2, 2, 2, 0, 2, 0], [0, 1, 0, 0, 0, 2, 0, 0, 0, 2, 0], [0, 5, 1, 1, 2, 2, 2, 2, 2, 2, 0], [0, 0, 0, 0, 0, 0, 0, 0, 0, 0, 0]]"
2026-05-28T22:31:30.013951,0,East,303.0,False,False,False,"[[0, 0, 0, 0, 0, 0, 0, 0, 0, 0, 0], [0, 2, 2, 2, 2, 2, 2, 2, 2, 3, 0], [0, 2, 0, 0, 0, 2, 0, 0, 0, 2, 0], [0, 2, 0, 2, 2, 2, 2, 2, 0, 2, 0], [0, 2, 2, 2, 0, 2, 0, 2, 2, 2, 0], [0, 0, 0, 2, 0, 2, 0, 2, 0, 0, 0], [0, 2, 2, 2, 2, 2, 2, 2, 2, 2, 0], [0, 2, 0, 2, 0, 0, 0, 2, 0, 2, 0], [0, 2, 0, 2, 0, 1, 0, 2, 0, 2, 0], [0, 1, 0, 2, 0, 1, 1, 4, 0, 2, 0], [0, 1, 0, 2, 0, 4, 1, 2, 0, 2, 0], [0, 1, 0, 2, 0, 1, 0, 2, 0, 2, 0], [0, 1, 0, 2, 0, 0, 0, 2, 0, 2, 0], [0, 1, 1, 1, 2, 2, 2, 2, 2, 2, 0], [0, 0, 0, 1, 0, 2, 0, 2, 0, 0, 0], [0, 1, 1, 1, 0, 2, 0, 2, 2, 2, 0], [0, 1, 0, 2, 2, 2, 2, 2, 0, 2, 0], [0, 5, 0, 0, 0, 2, 0, 0, 0, 2, 0], [0, 1, 1, 1, 2, 2, 2, 2, 2, 2, 0], [0, 0, 0, 0, 0, 0, 0, 0, 0, 0, 0]]"
2026-05-28T22:31:30.016443,0,North,302.0,False,False,False,"[[0, 0, 0, 0, 0, 0, 0, 0, 0, 0, 0], [0, 2, 2, 2, 2, 2, 2, 2, 2, 3, 0], [0, 2, 0, 0, 0, 2, 0, 0, 0, 2, 0], [0, 2, 0, 2, 2, 2, 2, 2, 0, 2, 0], [0, 2, 2, 2, 0, 2, 0, 2, 2, 2, 0], [0, 0, 0, 2, 0, 2, 0, 2, 0, 0, 0], [0, 2, 2, 2, 2, 2, 2, 2, 2, 2, 0], [0, 2, 0, 2, 0, 0, 0, 2, 0, 2, 0], [0, 2, 0, 2, 0, 1, 0, 4, 0, 2, 0], [0, 1, 0, 2, 0, 1, 1, 2, 0, 2, 0], [0, 1, 0, 2, 0, 1, 1, 2, 0, 2, 0], [0, 1, 0, 2, 0, 4, 0, 2, 0, 2, 0], [0, 1, 0, 2, 0, 0, 0, 2, 0, 2, 0], [0, 1, 1, 1, 2, 2, 2, 2, 2, 2, 0], [0, 0, 0, 1, 0, 2, 0, 2, 0, 0, 0], [0, 1, 1, 1, 0, 2, 0, 2, 2, 2, 0], [0, 1, 0, 2, 2, 2, 2, 2, 0, 2, 0], [0, 1, 0, 0, 0, 2, 0, 0, 0, 2, 0], [0, 5, 1, 1, 2, 2, 2, 2, 2, 2, 0], [0, 0, 0, 0, 0, 0, 0, 0, 0, 0, 0]]"
2026-05-28T22:31:30.018758,0,North,301.0,False,False,False,"[[0, 0, 0, 0, 0, 0, 0, 0, 0, 0, 0], [0, 2, 2, 2, 2, 2, 2, 2, 2, 3, 0], [0, 2, 0, 0, 0, 2, 0, 0, 0, 2, 0], [0, 2, 0, 2, 2, 2, 2, 2, 0, 2, 0], [0, 2, 2, 2, 0, 2, 0, 2, 2, 2, 0], [0, 0, 0, 2, 0, 2, 0, 2, 0, 0, 0], [0, 2, 2, 2, 2, 2, 2, 2, 2, 2, 0], [0, 2, 0, 2, 0, 0, 0, 2, 0, 2, 0], [0, 2, 0, 2, 0, 1, 0, 4, 0, 2, 0], [0, 1, 0, 2, 0, 1, 1, 2, 0, 2, 0], [0, 1, 0, 2, 0, 4, 1, 2, 0, 2, 0], [0, 1, 0, 2, 0, 1, 0, 2, 0, 2, 0], [0, 1, 0, 2, 0, 0, 0, 2, 0, 2, 0], [0, 1, 1, 1, 2, 2, 2, 2, 2, 2, 0], [0, 0, 0, 1, 0, 2, 0, 2, 0, 0, 0], [0, 1, 1, 1, 0, 2, 0, 2, 2, 2, 0], [0, 1, 0, 2, 2, 2, 2, 2, 0, 2, 0], [0, 1, 0, 0, 0, 2, 0, 0, 0, 2, 0], [0, 1, 5, 1, 2, 2, 2, 2, 2, 2, 0], [0, 0, 0, 0, 0, 0, 0, 0, 0, 0, 0]]"
2026-05-28T22:31:30.021117,0,North,300.0,False,False,False,"[[0, 0, 0, 0, 0, 0, 0, 0, 0, 0, 0], [0, 2, 2, 2, 2, 2, 2, 2, 2, 3, 0], [0, 2, 0, 0, 0, 2, 0, 0, 0, 2, 0], [0, 2, 0, 2, 2, 2, 2, 2, 0, 2, 0], [0, 2, 2, 2, 0, 2, 0, 2, 2, 2, 0], [0, 0, 0, 2, 0, 2, 0, 2, 0, 0, 0], [0, 2, 2, 2, 2, 2, 2, 2, 2, 2, 0], [0, 2, 0, 2, 0, 0, 0, 4, 0, 2, 0], [0, 2, 0, 2, 0, 1, 0, 2, 0, 2, 0], [0, 1, 0, 2, 0, 4, 1, 2, 0, 2, 0], [0, 1, 0, 2, 0, 1, 1, 2, 0, 2, 0], [0, 1, 0, 2, 0, 1, 0, 2, 0, 2, 0], [0, 1, 0, 2, 0, 0, 0, 2, 0, 2, 0], [0, 1, 1, 1, 2, 2, 2, 2, 2, 2, 0], [0, 0, 0, 1, 0, 2, 0, 2, 0, 0, 0], [0, 1, 1, 1, 0, 2, 0, 2, 2, 2, 0], [0, 1, 0, 2, 2, 2, 2, 2, 0, 2, 0], [0, 1, 0, 0, 0, 2, 0, 0, 0, 2, 0], [0, 1, 1, 5, 2, 2, 2, 2, 2, 2, 0], [0, 0, 0, 0, 0, 0, 0, 0, 0, 0, 0]]"
2026-05-28T22:31:30.023454,0,North,309.0,False,False,False,"[[0, 0, 0, 0, 0, 0, 0, 0, 0, 0, 0], [0, 2, 2, 2, 2, 2, 2, 2, 2, 3, 0], [0, 2, 0, 0, 0, 2, 0, 0, 0, 2, 0], [0, 2, 0, 2, 2, 2, 2, 2, 0, 2, 0], [0, 2, 2, 2, 0, 2, 0, 2, 2, 2, 0], [0, 0, 0, 2, 0, 2, 0, 2, 0, 0, 0], [0, 2, 2, 2, 2, 2, 2, 2, 2, 2, 0], [0, 2, 0, 2, 0, 0, 0, 4, 0, 2, 0], [0, 2, 0, 2, 0, 4, 0, 2, 0, 2, 0], [0, 1, 0, 2, 0, 1, 1, 2, 0, 2, 0], [0, 1, 0, 2, 0, 1, 1, 2, 0, 2, 0], [0, 1, 0, 2, 0, 1, 0, 2, 0, 2, 0], [0, 1, 0, 2, 0, 0, 0, 2, 0, 2, 0], [0, 1, 1, 1, 2, 2, 2, 2, 2, 2, 0], [0, 0, 0, 1, 0, 2, 0, 2, 0, 0, 0], [0, 1, 1, 1, 0, 2, 0, 2, 2, 2, 0], [0, 1, 0, 2, 2, 2, 2, 2, 0, 2, 0], [0, 1, 0, 0, 0, 2, 0, 0, 0, 2, 0], [0, 1, 1, 1, 5, 2, 2, 2, 2, 2, 0], [0, 0, 0, 0, 0, 0, 0, 0, 0, 0, 0]]"
2026-05-28T22:31:30.026159,0,West,318.0,False,False,False,"[[0, 0, 0, 0, 0, 0, 0, 0, 0, 0, 0], [0, 2, 2, 2, 2, 2, 2, 2, 2, 3, 0], [0, 2, 0, 0, 0, 2, 0, 0, 0, 2, 0], [0, 2, 0, 2, 2, 2, 2, 2, 0, 2, 0], [0, 2, 2, 2, 0, 2, 0, 2, 2, 2, 0], [0, 0, 0, 2, 0, 2, 0, 2, 0, 0, 0], [0, 2, 2, 2, 2, 2, 2, 4, 2, 2, 0], [0, 2, 0, 2, 0, 0, 0, 2, 0, 2, 0], [0, 2, 0, 2, 0, 1, 0, 2, 0, 2, 0], [0, 1, 0, 2, 0, 4, 1, 2, 0, 2, 0], [0, 1, 0, 2, 0, 1, 1, 2, 0, 2, 0], [0, 1, 0, 2, 0, 1, 0, 2, 0, 2, 0], [0, 1, 0, 2, 0, 0, 0, 2, 0, 2, 0], [0, 1, 1, 1, 2, 2, 2, 2, 2, 2, 0], [0, 0, 0, 1, 0, 2, 0, 2, 0, 0, 0], [0, 1, 1, 1, 0, 2, 0, 2, 2, 2, 0], [0, 1, 0, 2, 2, 2, 2, 2, 0, 2, 0], [0, 1, 0, 0, 0, 2, 0, 0, 0, 2, 0], [0, 1, 1, 1, 1, 5, 2, 2, 2, 2, 0], [0, 0, 0, 0, 0, 0, 0, 0, 0, 0, 0]]"
2026-05-28T22:31:30.028484,0,East,327.0,False,False,False,"[[0, 0, 0, 0, 0, 0, 0, 0, 0, 0, 0], [0, 2, 2, 2, 2, 2, 2, 2, 2, 3, 0], [0, 2, 0, 0, 0, 2, 0, 0, 0, 2, 0], [0, 2, 0, 2, 2, 2, 2, 2, 0, 2, 0], [0, 2, 2, 2, 0, 2, 0, 2, 2, 2, 0], [0, 0, 0, 2, 0, 2, 0, 2, 0, 0, 0], [0, 2, 2, 2, 2, 2, 2, 4, 2, 2, 0], [0, 2, 0, 2, 0, 0, 0, 2, 0, 2, 0], [0, 2, 0, 2, 0, 1, 0, 2, 0, 2, 0], [0, 1, 0, 2, 0, 1, 1, 2, 0, 2, 0], [0, 1, 0, 2, 0, 4, 1, 2, 0, 2, 0], [0, 1, 0, 2, 0, 1, 0, 2, 0, 2, 0], [0, 1, 0, 2, 0, 0, 0, 2, 0, 2, 0], [0, 1, 1, 1, 2, 2, 2, 2, 2, 2, 0], [0, 0, 0, 1, 0, 2, 0, 2, 0, 0, 0], [0, 1, 1, 1, 0, 2, 0, 2, 2, 2, 0], [0, 1, 0, 2, 2, 2, 2, 2, 0, 2, 0], [0, 1, 0, 0, 0, 5, 0, 0, 0, 2, 0], [0, 1, 1, 1, 1, 1, 2, 2, 2, 2, 0], [0, 0, 0, 0, 0, 0, 0, 0, 0, 0, 0]]"
2026-05-28T22:31:30.031211,0,South,326.0,False,False,False,"[[0, 0, 0, 0, 0, 0, 0, 0, 0, 0, 0], [0, 2, 2, 2, 2, 2, 2, 2, 2, 3, 0], [0, 2, 0, 0, 0, 2, 0, 0, 0, 2, 0], [0, 2, 0, 2, 2, 2, 2, 2, 0, 2, 0], [0, 2, 2, 2, 0, 2, 0, 2, 2, 2, 0], [0, 0, 0, 2, 0, 2, 0, 2, 0, 0, 0], [0, 2, 2, 2, 2, 2, 4, 2, 2, 2, 0], [0, 2, 0, 2, 0, 0, 0, 2, 0, 2, 0], [0, 2, 0, 2, 0, 1, 0, 2, 0, 2, 0], [0, 1, 0, 2, 0, 1, 1, 2, 0, 2, 0], [0, 1, 0, 2, 0, 1, 1, 2, 0, 2, 0], [0, 1, 0, 2, 0, 4, 0, 2, 0, 2, 0], [0, 1, 0, 2, 0, 0, 0, 2, 0, 2, 0], [0, 1, 1, 1, 2, 2, 2, 2, 2, 2, 0], [0, 0, 0, 1, 0, 2, 0, 2, 0, 0, 0], [0, 1, 1, 1, 0, 2, 0, 2, 2, 2, 0], [0, 1, 0, 2, 2, 2, 2, 2, 0, 2, 0], [0, 1, 0, 0, 0, 1, 0, 0, 0, 2, 0], [0, 1, 1, 1, 1, 5, 2, 2, 2, 2, 0], [0, 0, 0, 0, 0, 0, 0, 0, 0, 0, 0]]"
2026-05-28T22:31:30.033515,0,South,325.0,False,False,False,"[[0, 0, 0, 0, 0, 0, 0, 0, 0, 0, 0], [0, 2, 2, 2, 2, 2, 2, 2, 2, 3, 0], [0, 2, 0, 0, 0, 2, 0, 0, 0, 2, 0], [0, 2, 0, 2, 2, 2, 2, 2, 0, 2, 0], [0, 2, 2, 2, 0, 2, 0, 2, 2, 2, 0], [0, 0, 0, 2, 0, 2, 0, 2, 0, 0, 0], [0, 2, 2, 2, 2, 2, 4, 2, 2, 2, 0], [0, 2, 0, 2, 0, 0, 0, 2, 0, 2, 0], [0, 2, 0, 2, 0, 1, 0, 2, 0, 2, 0], [0, 1, 0, 2, 0, 1, 1, 2, 0, 2, 0], [0, 1, 0, 2, 0, 4, 1, 2, 0, 2, 0], [0, 1, 0, 2, 0, 1, 0, 2, 0, 2, 0], [0, 1, 0, 2, 0, 0, 0, 2, 0, 2, 0], [0, 1, 1, 1, 2, 2, 2, 2, 2, 2, 0], [0, 0, 0, 1, 0, 2, 0, 2, 0, 0, 0], [0, 1, 1, 1, 0, 2, 0, 2, 2, 2, 0], [0, 1, 0, 2, 2, 2, 2, 2, 0, 2, 0], [0, 1, 0, 0, 0, 1, 0, 0, 0, 2, 0], [0, 1, 1, 1, 5, 1, 2, 2, 2, 2, 0], [0, 0, 0, 0, 0, 0, 0, 0, 0, 0, 0]]"
2026-05-28T22:31:30.035812,0,South,324.0,False,False,False,"[[0, 0, 0, 0, 0, 0, 0, 0, 0, 0, 0], [0, 2, 2, 2, 2, 2, 2, 2, 2, 3, 0], [0, 2, 0, 0, 0, 2, 0, 0, 0, 2, 0], [0, 2, 0, 2, 2, 2, 2, 2, 0, 2, 0], [0, 2, 2, 2, 0, 2, 0, 2, 2, 2, 0], [0, 0, 0, 2, 0, 2, 0, 2, 0, 0, 0], [0, 2, 2, 2, 2, 4, 2, 2, 2, 2, 0], [0, 2, 0, 2, 0, 0, 0, 2, 0, 2, 0], [0, 2, 0, 2, 0, 1, 0, 2, 0, 2, 0], [0, 1, 0, 2, 0, 4, 1, 2, 0, 2, 0], [0, 1, 0, 2, 0, 1, 1, 2, 0, 2, 0], [0, 1, 0, 2, 0, 1, 0, 2, 0, 2, 0], [0, 1, 0, 2, 0, 0, 0, 2, 0, 2, 0], [0, 1, 1, 1, 2, 2, 2, 2, 2, 2, 0], [0, 0, 0, 1, 0, 2, 0, 2, 0, 0, 0], [0, 1, 1, 1, 0, 2, 0, 2, 2, 2, 0], [0, 1, 0, 2, 2, 2, 2, 2, 0, 2, 0], [0, 1, 0, 0, 0, 1, 0, 0, 0, 2, 0], [0, 1, 1, 5, 1, 1, 2, 2, 2, 2, 0], [0, 0, 0, 0, 0, 0, 0, 0, 0, 0, 0]]"
2026-05-28T22:31:30.038076,0,North,323.0,False,False,False,"[[0, 0, 0, 0, 0, 0, 0, 0, 0, 0, 0], [0, 2, 2, 2, 2, 2, 2, 2, 2, 3, 0], [0, 2, 0, 0, 0, 2, 0, 0, 0, 2, 0], [0, 2, 0, 2, 2, 2, 2, 2, 0, 2, 0], [0, 2, 2, 2, 0, 2, 0, 2, 2, 2, 0], [0, 0, 0, 2, 0, 2, 0, 2, 0, 0, 0], [0, 2, 2, 2, 2, 4, 2, 2, 2, 2, 0], [0, 2, 0, 2, 0, 0, 0, 2, 0, 2, 0], [0, 2, 0, 2, 0, 1, 0, 2, 0, 2, 0], [0, 1, 0, 2, 0, 1, 4, 2, 0, 2, 0], [0, 1, 0, 2, 0, 1, 1, 2, 0, 2, 0], [0, 1, 0, 2, 0, 1, 0, 2, 0, 2, 0], [0, 1, 0, 2, 0, 0, 0, 2, 0, 2, 0], [0, 1, 1, 1, 2, 2, 2, 2, 2, 2, 0], [0, 0, 0, 1, 0, 2, 0, 2, 0, 0, 0], [0, 1, 1, 1, 0, 2, 0, 2, 2, 2, 0], [0, 1, 0, 2, 2, 2, 2, 2, 0, 2, 0], [0, 1, 0, 0, 0, 1, 0, 0, 0, 2, 0], [0, 1, 5, 1, 1, 1, 2, 2, 2, 2, 0], [0, 0, 0, 0, 0, 0, 0, 0, 0, 0, 0]]"
2026-05-28T22:31:30.040360,0,North,322.0,False,False,False,"[[0, 0, 0, 0, 0, 0, 0, 0, 0, 0, 0], [0, 2, 2, 2, 2, 2, 2, 2, 2, 3, 0], [0, 2, 0, 0, 0, 2, 0, 0, 0, 2, 0], [0, 2, 0, 2, 2, 2, 2, 2, 0, 2, 0], [0, 2, 2, 2, 0, 2, 0, 2, 2, 2, 0], [0, 0, 0, 2, 0, 4, 0, 2, 0, 0, 0], [0, 2, 2, 2, 2, 2, 2, 2, 2, 2, 0], [0, 2, 0, 2, 0, 0, 0, 2, 0, 2, 0], [0, 2, 0, 2, 0, 1, 0, 2, 0, 2, 0], [0, 1, 0, 2, 0, 1, 1, 2, 0, 2, 0], [0, 1, 0, 2, 0, 1, 4, 2, 0, 2, 0], [0, 1, 0, 2, 0, 1, 0, 2, 0, 2, 0], [0, 1, 0, 2, 0, 0, 0, 2, 0, 2, 0], [0, 1, 1, 1, 2, 2, 2, 2, 2, 2, 0], [0, 0, 0, 1, 0, 2, 0, 2, 0, 0, 0], [0, 1, 1, 1, 0, 2, 0, 2, 2, 2, 0], [0, 1, 0, 2, 2, 2, 2, 2, 0, 2, 0], [0, 1, 0, 0, 0, 1, 0, 0, 0, 2, 0], [0, 1, 1, 5, 1, 1, 2, 2, 2, 2, 0], [0, 0, 0, 0, 0, 0, 0, 0, 0, 0, 0]]"
2026-05-28T22:31:30.042629,0,North,321.0,False,False,False,"[[0, 0, 0, 0, 0, 0, 0, 0, 0, 0, 0], [0, 2, 2, 2, 2, 2, 2, 2, 2, 3, 0], [0, 2, 0, 0, 0, 2, 0, 0, 0, 2, 0], [0, 2, 0, 2, 2, 2, 2, 2, 0, 2, 0], [0, 2, 2, 2, 0, 2, 0, 2, 2, 2, 0], [0, 0, 0, 2, 0, 4, 0, 2, 0, 0, 0], [0, 2, 2, 2, 2, 2, 2, 2, 2, 2, 0], [0, 2, 0, 2, 0, 0, 0, 2, 0, 2, 0], [0, 2, 0, 2, 0, 1, 0, 2, 0, 2, 0], [0, 1, 0, 2, 0, 1, 1, 2, 0, 2, 0], [0, 1, 0, 2, 0, 4, 1, 2, 0, 2, 0], [0, 1, 0, 2, 0, 1, 0, 2, 0, 2, 0], [0, 1, 0, 2, 0, 0, 0, 2, 0, 2, 0], [0, 1, 1, 1, 2, 2, 2, 2, 2, 2, 0], [0, 0, 0, 1, 0, 2, 0, 2, 0, 0, 0], [0, 1, 1, 1, 0, 2, 0, 2, 2, 2, 0], [0, 1, 0, 2, 2, 2, 2, 2, 0, 2, 0], [0, 1, 0, 0, 0, 1, 0, 0, 0, 2, 0], [0, 1, 1, 1, 5, 1, 2, 2, 2, 2, 0], [0, 0, 0, 0, 0, 0, 0, 0, 0, 0, 0]]"
2026-05-28T22:31:30.045317,0,North,320.0,False,False,False,"[[0, 0, 0, 0, 0, 0, 0, 0, 0, 0, 0], [0, 2, 2, 2, 2, 2, 2, 2, 2, 3, 0], [0, 2, 0, 0, 0, 2, 0, 0, 0, 2, 0], [0, 2, 0, 2, 2, 2, 2, 2, 0, 2, 0], [0, 2, 2, 2, 0, 4, 0, 2, 2, 2, 0], [0, 0, 0, 2, 0, 2, 0, 2, 0, 0, 0], [0, 2, 2, 2, 2, 2, 2, 2, 2, 2, 0], [0, 2, 0, 2, 0, 0, 0, 2, 0, 2, 0], [0, 2, 0, 2, 0, 1, 0, 2, 0, 2, 0], [0, 1, 0, 2, 0, 1, 1, 2, 0, 2, 0], [0, 1, 0, 2, 0, 1, 1, 2, 0, 2, 0], [0, 1, 0, 2, 0, 4, 0, 2, 0, 2, 0], [0, 1, 0, 2, 0, 0, 0, 2, 0, 2, 0], [0, 1, 1, 1, 2, 2, 2, 2, 2, 2, 0], [0, 0, 0, 1, 0, 2, 0, 2, 0, 0, 0], [0, 1, 1, 1, 0, 2, 0, 2, 2, 2, 0], [0, 1, 0, 2, 2, 2, 2, 2, 0, 2, 0], [0, 1, 0, 0, 0, 1, 0, 0, 0, 2, 0], [0, 1, 1, 1, 1, 5, 2, 2, 2, 2, 0], [0, 0, 0, 0, 0, 0, 0, 0, 0, 0, 0]]"
2026-05-28T22:31:30.047844,0,North,329.0,False,False,False,"[[0, 0, 0, 0, 0, 0, 0, 0, 0, 0, 0], [0, 2, 2, 2, 2, 2, 2, 2, 2, 3, 0], [0, 2, 0, 0, 0, 2, 0, 0, 0, 2, 0], [0, 2, 0, 2, 2, 2, 2, 2, 0, 2, 0], [0, 2, 2, 2, 0, 4, 0, 2, 2, 2, 0], [0, 0, 0, 2, 0, 2, 0, 2, 0, 0, 0], [0, 2, 2, 2, 2, 2, 2, 2, 2, 2, 0], [0, 2, 0, 2, 0, 0, 0, 2, 0, 2, 0], [0, 2, 0, 2, 0, 1, 0, 2, 0, 2, 0], [0, 1, 0, 2, 0, 1, 1, 2, 0, 2, 0], [0, 1, 0, 2, 0, 4, 1, 2, 0, 2, 0], [0, 1, 0, 2, 0, 1, 0, 2, 0, 2, 0], [0, 1, 0, 2, 0, 0, 0, 2, 0, 2, 0], [0, 1, 1, 1, 2, 2, 2, 2, 2, 2, 0], [0, 0, 0, 1, 0, 2, 0, 2, 0, 0, 0], [0, 1, 1, 1, 0, 2, 0, 2, 2, 2, 0], [0, 1, 0, 2, 2, 2, 2, 2, 0, 2, 0], [0, 1, 0, 0, 0, 1, 0, 0, 0, 2, 0], [0, 1, 1, 1, 1, 1, 5, 2, 2, 2, 0], [0, 0, 0, 0, 0, 0, 0, 0, 0, 0, 0]]"
2026-05-28T22:31:30.050217,0,North,338.0,False,False,False,"[[0, 0, 0, 0, 0, 0, 0, 0, 0, 0, 0], [0, 2, 2, 2, 2, 2, 2, 2, 2, 3, 0], [0, 2, 0, 0, 0, 2, 0, 0, 0, 2, 0], [0, 2, 0, 2, 2, 4, 2, 2, 0, 2, 0], [0, 2, 2, 2, 0, 2, 0, 2, 2, 2, 0], [0, 0, 0, 2, 0, 2, 0, 2, 0, 0, 0], [0, 2, 2, 2, 2, 2, 2, 2, 2, 2, 0], [0, 2, 0, 2, 0, 0, 0, 2, 0, 2, 0], [0, 2, 0, 2, 0, 1, 0, 2, 0, 2, 0], [0, 1, 0, 2, 0, 1, 1, 2, 0, 2, 0], [0, 1, 0, 2, 0, 1, 4, 2, 0, 2, 0], [0, 1, 0, 2, 0, 1, 0, 2, 0, 2, 0], [0, 1, 0, 2, 0, 0, 0, 2, 0, 2, 0], [0, 1, 1, 1, 2, 2, 2, 2, 2, 2, 0], [0, 0, 0, 1, 0, 2, 0, 2, 0, 0, 0], [0, 1, 1, 1, 0, 2, 0, 2, 2, 2, 0], [0, 1, 0, 2, 2, 2, 2, 2, 0, 2, 0], [0, 1, 0, 0, 0, 1, 0, 0, 0, 2, 0], [0, 1, 1, 1, 1, 1, 1, 5, 2, 2, 0], [0, 0, 0, 0, 0, 0, 0, 0, 0, 0, 0]]"
2026-05-28T22:31:30.052555,0,North,347.0,False,False,False,"[[0, 0, 0, 0, 0, 0, 0, 0, 0, 0, 0], [0, 2, 2, 2, 2, 2, 2, 2, 2, 3, 0], [0, 2, 0, 0, 0, 2, 0, 0, 0, 2, 0], [0, 2, 0, 2, 2, 4, 2, 2, 0, 2, 0], [0, 2, 2, 2, 0, 2, 0, 2, 2, 2, 0], [0, 0, 0, 2, 0, 2, 0, 2, 0, 0, 0], [0, 2, 2, 2, 2, 2, 2, 2, 2, 2, 0], [0, 2, 0, 2, 0, 0, 0, 2, 0, 2, 0], [0, 2, 0, 2, 0, 1, 0, 2, 0, 2, 0], [0, 1, 0, 2, 0, 1, 1, 2, 0, 2, 0], [0, 1, 0, 2, 0, 1, 1, 4, 0, 2, 0], [0, 1, 0, 2, 0, 1, 0, 2, 0, 2, 0], [0, 1, 0, 2, 0, 0, 0, 2, 0, 2, 0], [0, 1, 1, 1, 2, 2, 2, 2, 2, 2, 0], [0, 0, 0, 1, 0, 2, 0, 2, 0, 0, 0], [0, 1, 1, 1, 0, 2, 0, 2, 2, 2, 0], [0, 1, 0, 2, 2, 2, 2, 2, 0, 2, 0], [0, 1, 0, 0, 0, 1, 0, 0, 0, 2, 0], [0, 1, 1, 1, 1, 1, 1, 1, 5, 2, 0], [0, 0, 0, 0, 0, 0, 0, 0, 0, 0, 0]]"
2026-05-28T22:31:30.054889,0,West,356.0,False,False,False,"[[0, 0, 0, 0, 0, 0, 0, 0, 0, 0, 0], [0, 2, 2, 2, 2, 2, 2, 2, 2, 3, 0], [0, 2, 0, 0, 0, 2, 0, 0, 0, 2, 0], [0, 2, 0, 2, 2, 4, 2, 2, 0, 2, 0], [0, 2, 2, 2, 0, 2, 0, 2, 2, 2, 0], [0, 0, 0, 2, 0, 2, 0, 2, 0, 0, 0], [0, 2, 2, 2, 2, 2, 2, 2, 2, 2, 0], [0, 2, 0, 2, 0, 0, 0, 2, 0, 2, 0], [0, 2, 0, 2, 0, 1, 0, 2, 0, 2, 0], [0, 1, 0, 2, 0, 1, 1, 2, 0, 2, 0], [0, 1, 0, 2, 0, 1, 1, 2, 0, 2, 0], [0, 1, 0, 2, 0, 1, 0, 4, 0, 2, 0], [0, 1, 0, 2, 0, 0, 0, 2, 0, 2, 0], [0, 1, 1, 1, 2, 2, 2, 2, 2, 2, 0], [0, 0, 0, 1, 0, 2, 0, 2, 0, 0, 0], [0, 1, 1, 1, 0, 2, 0, 2, 2, 2, 0], [0, 1, 0, 2, 2, 2, 2, 2, 0, 2, 0], [0, 1, 0, 0, 0, 1, 0, 0, 0, 2, 0], [0, 1, 1, 1, 1, 1, 1, 1, 1, 5, 0], [0, 0, 0, 0, 0, 0, 0, 0, 0, 0, 0]]"
2026-05-28T22:31:30.057203,0,West,365.0,False,False,False,"[[0, 0, 0, 0, 0, 0, 0, 0, 0, 0, 0], [0, 2, 2, 2, 2, 2, 2, 2, 2, 3, 0], [0, 2, 0, 0, 0, 2, 0, 0, 0, 2, 0], [0, 2, 0, 2, 2, 2, 4, 2, 0, 2, 0], [0, 2, 2, 2, 0, 2, 0, 2, 2, 2, 0], [0, 0, 0, 2, 0, 2, 0, 2, 0, 0, 0], [0, 2, 2, 2, 2, 2, 2, 2, 2, 2, 0], [0, 2, 0, 2, 0, 0, 0, 2, 0, 2, 0], [0, 2, 0, 2, 0, 1, 0, 2, 0, 2, 0], [0, 1, 0, 2, 0, 1, 1, 2, 0, 2, 0], [0, 1, 0, 2, 0, 1, 1, 2, 0, 2, 0], [0, 1, 0, 2, 0, 1, 0, 2, 0, 2, 0], [0, 1, 0, 2, 0, 0, 0, 4, 0, 2, 0], [0, 1, 1, 1, 2, 2, 2, 2, 2, 2, 0], [0, 0, 0, 1, 0, 2, 0, 2, 0, 0, 0], [0, 1, 1, 1, 0, 2, 0, 2, 2, 2, 0], [0, 1, 0, 2, 2, 2, 2, 2, 0, 2, 0], [0, 1, 0, 0, 0, 1, 0, 0, 0, 5, 0], [0, 1, 1, 1, 1, 1, 1, 1, 1, 1, 0], [0, 0, 0, 0, 0, 0, 0, 0, 0, 0, 0]]"
2026-05-28T22:31:30.059512,0,West,374.0,False,False,False,"[[0, 0, 0, 0, 0, 0, 0, 0, 0, 0, 0], [0, 2, 2, 2, 2, 2, 2, 2, 2, 3, 0], [0, 2, 0, 0, 0, 2, 0, 0, 0, 2, 0], [0, 2, 0, 2, 2, 2, 4, 2, 0, 2, 0], [0, 2, 2, 2, 0, 2, 0, 2, 2, 2, 0], [0, 0, 0, 2, 0, 2, 0, 2, 0, 0, 0], [0, 2, 2, 2, 2, 2, 2, 2, 2, 2, 0], [0, 2, 0, 2, 0, 0, 0, 2, 0, 2, 0], [0, 2, 0, 2, 0, 1, 0, 2, 0, 2, 0], [0, 1, 0, 2, 0, 1, 1, 2, 0, 2, 0], [0, 1, 0, 2, 0, 1, 1, 2, 0, 2, 0], [0, 1, 0, 2, 0, 1, 0, 2, 0, 2, 0], [0, 1, 0, 2, 0, 0, 0, 2, 0, 2, 0], [0, 1, 1, 1, 2, 2, 2, 4, 2, 2, 0], [0, 0, 0, 1, 0, 2, 0, 2, 0, 0, 0], [0, 1, 1, 1, 0, 2, 0, 2, 2, 2, 0], [0, 1, 0, 2, 2, 2, 2, 2, 0, 5, 0], [0, 1, 0, 0, 0, 1, 0, 0, 0, 1, 0], [0, 1, 1, 1, 1, 1, 1, 1, 1, 1, 0], [0, 0, 0, 0, 0, 0, 0, 0, 0, 0, 0]]"
2026-05-28T22:31:30.061819,0,Stop,383.0,False,False,False,"[[0, 0, 0, 0, 0, 0, 0, 0, 0, 0, 0], [0, 2, 2, 2, 2, 2, 2, 2, 2, 3, 0], [0, 2, 0, 0, 0, 2, 0, 0, 0, 2, 0], [0, 2, 0, 2, 2, 2, 2, 4, 0, 2, 0], [0, 2, 2, 2, 0, 2, 0, 2, 2, 2, 0], [0, 0, 0, 2, 0, 2, 0, 2, 0, 0, 0], [0, 2, 2, 2, 2, 2, 2, 2, 2, 2, 0], [0, 2, 0, 2, 0, 0, 0, 2, 0, 2, 0], [0, 2, 0, 2, 0, 1, 0, 2, 0, 2, 0], [0, 1, 0, 2, 0, 1, 1, 2, 0, 2, 0], [0, 1, 0, 2, 0, 1, 1, 2, 0, 2, 0], [0, 1, 0, 2, 0, 1, 0, 2, 0, 2, 0], [0, 1, 0, 2, 0, 0, 0, 2, 0, 2, 0], [0, 1, 1, 1, 2, 2, 2, 2, 4, 2, 0], [0, 0, 0, 1, 0, 2, 0, 2, 0, 0, 0], [0, 1, 1, 1, 0, 2, 0, 2, 2, 5, 0], [0, 1, 0, 2, 2, 2, 2, 2, 0, 1, 0], [0, 1, 0, 0, 0, 1, 0, 0, 0, 1, 0], [0, 1, 1, 1, 1, 1, 1, 1, 1, 1, 0], [0, 0, 0, 0, 0, 0, 0, 0, 0, 0, 0]]"
2026-05-28T22:31:30.064156,0,South,382.0,False,False,False,"[[0, 0, 0, 0, 0, 0, 0, 0, 0, 0, 0], [0, 2, 2, 2, 2, 2, 2, 2, 2, 3, 0], [0, 2, 0, 0, 0, 2, 0, 0, 0, 2, 0], [0, 2, 0, 2, 2, 2, 2, 4, 0, 2, 0], [0, 2, 2, 2, 0, 2, 0, 2, 2, 2, 0], [0, 0, 0, 2, 0, 2, 0, 2, 0, 0, 0], [0, 2, 2, 2, 2, 2, 2, 2, 2, 2, 0], [0, 2, 0, 2, 0, 0, 0, 2, 0, 2, 0], [0, 2, 0, 2, 0, 1, 0, 2, 0, 2, 0], [0, 1, 0, 2, 0, 1, 1, 2, 0, 2, 0], [0, 1, 0, 2, 0, 1, 1, 2, 0, 2, 0], [0, 1, 0, 2, 0, 1, 0, 2, 0, 2, 0], [0, 1, 0, 2, 0, 0, 0, 2, 0, 2, 0], [0, 1, 1, 1, 2, 2, 2, 2, 2, 4, 0], [0, 0, 0, 1, 0, 2, 0, 2, 0, 0, 0], [0, 1, 1, 1, 0, 2, 0, 2, 2, 5, 0], [0, 1, 0, 2, 2, 2, 2, 2, 0, 1, 0], [0, 1, 0, 0, 0, 1, 0, 0, 0, 1, 0], [0, 1, 1, 1, 1, 1, 1, 1, 1, 1, 0], [0, 0, 0, 0, 0, 0, 0, 0, 0, 0, 0]]"
2026-05-28T22:31:30.066442,0,South,391.0,False,False,False,"[[0, 0, 0, 0, 0, 0, 0, 0, 0, 0, 0], [0, 2, 2, 2, 2, 2, 2, 2, 2, 3, 0], [0, 2, 0, 0, 0, 2, 0, 0, 0, 2, 0], [0, 2, 0, 2, 2, 2, 2, 2, 0, 2, 0], [0, 2, 2, 2, 0, 2, 0, 4, 2, 2, 0], [0, 0, 0, 2, 0, 2, 0, 2, 0, 0, 0], [0, 2, 2, 2, 2, 2, 2, 2, 2, 2, 0], [0, 2, 0, 2, 0, 0, 0, 2, 0, 2, 0], [0, 2, 0, 2, 0, 1, 0, 2, 0, 2, 0], [0, 1, 0, 2, 0, 1, 1, 2, 0, 2, 0], [0, 1, 0, 2, 0, 1, 1, 2, 0, 2, 0], [0, 1, 0, 2, 0, 1, 0, 2, 0, 2, 0], [0, 1, 0, 2, 0, 0, 0, 2, 0, 4, 0], [0, 1, 1, 1, 2, 2, 2, 2, 2, 2, 0], [0, 0, 0, 1, 0, 2, 0, 2, 0, 0, 0], [0, 1, 1, 1, 0, 2, 0, 2, 5, 1, 0], [0, 1, 0, 2, 2, 2, 2, 2, 0, 1, 0], [0, 1, 0, 0, 0, 1, 0, 0, 0, 1, 0], [0, 1, 1, 1, 1, 1, 1, 1, 1, 1, 0], [0, 0, 0, 0, 0, 0, 0, 0, 0, 0, 0]]"
2026-05-28T22:31:30.069139,0,East,400.0,False,False,False,"[[0, 0, 0, 0, 0, 0, 0, 0, 0, 0, 0], [0, 2, 2, 2, 2, 2, 2, 2, 2, 3, 0], [0, 2, 0, 0, 0, 2, 0, 0, 0, 2, 0], [0, 2, 0, 2, 2, 2, 2, 2, 0, 2, 0], [0, 2, 2, 2, 0, 2, 0, 4, 2, 2, 0], [0, 0, 0, 2, 0, 2, 0, 2, 0, 0, 0], [0, 2, 2, 2, 2, 2, 2, 2, 2, 2, 0], [0, 2, 0, 2, 0, 0, 0, 2, 0, 2, 0], [0, 2, 0, 2, 0, 1, 0, 2, 0, 2, 0], [0, 1, 0, 2, 0, 1, 1, 2, 0, 2, 0], [0, 1, 0, 2, 0, 1, 1, 2, 0, 2, 0], [0, 1, 0, 2, 0, 1, 0, 2, 0, 4, 0], [0, 1, 0, 2, 0, 0, 0, 2, 0, 2, 0], [0, 1, 1, 1, 2, 2, 2, 2, 2, 2, 0], [0, 0, 0, 1, 0, 2, 0, 2, 0, 0, 0], [0, 1, 1, 1, 0, 2, 0, 5, 1, 1, 0], [0, 1, 0, 2, 2, 2, 2, 2, 0, 1, 0], [0, 1, 0, 0, 0, 1, 0, 0, 0, 1, 0], [0, 1, 1, 1, 1, 1, 1, 1, 1, 1, 0], [0, 0, 0, 0, 0, 0, 0, 0, 0, 0, 0]]"
2026-05-28T22:31:30.071439,0,South,409.0,False,False,False,"[[0, 0, 0, 0, 0, 0, 0, 0, 0, 0, 0], [0, 2, 2, 2, 2, 2, 2, 2, 2, 3, 0], [0, 2, 0, 0, 0, 2, 0, 0, 0, 2, 0], [0, 2, 0, 2, 2, 2, 2, 2, 0, 2, 0], [0, 2, 2, 2, 0, 2, 0, 2, 4, 2, 0], [0, 0, 0, 2, 0, 2, 0, 2, 0, 0, 0], [0, 2, 2, 2, 2, 2, 2, 2, 2, 2, 0], [0, 2, 0, 2, 0, 0, 0, 2, 0, 2, 0], [0, 2, 0, 2, 0, 1, 0, 2, 0, 2, 0], [0, 1, 0, 2, 0, 1, 1, 2, 0, 2, 0], [0, 1, 0, 2, 0, 1, 1, 2, 0, 4, 0], [0, 1, 0, 2, 0, 1, 0, 2, 0, 2, 0], [0, 1, 0, 2, 0, 0, 0, 2, 0, 2, 0], [0, 1, 1, 1, 2, 2, 2, 2, 2, 2, 0], [0, 0, 0, 1, 0, 2, 0, 2, 0, 0, 0], [0, 1, 1, 1, 0, 2, 0, 1, 1, 1, 0], [0, 1, 0, 2, 2, 2, 2, 5, 0, 1, 0], [0, 1, 0, 0, 0, 1, 0, 0, 0, 1, 0], [0, 1, 1, 1, 1, 1, 1, 1, 1, 1, 0], [0, 0, 0, 0, 0, 0, 0, 0, 0, 0, 0]]"
2026-05-28T22:31:30.073948,0,South,418.0,False,False,False,"[[0, 0, 0, 0, 0, 0, 0, 0, 0, 0, 0], [0, 2, 2, 2, 2, 2, 2, 2, 2, 3, 0], [0, 2, 0, 0, 0, 2, 0, 0, 0, 2, 0], [0, 2, 0, 2, 2, 2, 2, 2, 0, 2, 0], [0, 2, 2, 2, 0, 2, 0, 2, 4, 2, 0], [0, 0, 0, 2, 0, 2, 0, 2, 0, 0, 0], [0, 2, 2, 2, 2, 2, 2, 2, 2, 2, 0], [0, 2, 0, 2, 0, 0, 0, 2, 0, 2, 0], [0, 2, 0, 2, 0, 1, 0, 2, 0, 2, 0], [0, 1, 0, 2, 0, 1, 1, 2, 0, 4, 0], [0, 1, 0, 2, 0, 1, 1, 2, 0, 2, 0], [0, 1, 0, 2, 0, 1, 0, 2, 0, 2, 0], [0, 1, 0, 2, 0, 0, 0, 2, 0, 2, 0], [0, 1, 1, 1, 2, 2, 2, 2, 2, 2, 0], [0, 0, 0, 1, 0, 2, 0, 2, 0, 0, 0], [0, 1, 1, 1, 0, 2, 0, 1, 1, 1, 0], [0, 1, 0, 2, 2, 2, 5, 1, 0, 1, 0], [0, 1, 0, 0, 0, 1, 0, 0, 0, 1, 0], [0, 1, 1, 1, 1, 1, 1, 1, 1, 1, 0], [0, 0, 0, 0, 0, 0, 0, 0, 0, 0, 0]]"
2026-05-28T22:31:30.076990,0,South,427.0,False,False,False,"[[0, 0, 0, 0, 0, 0, 0, 0, 0, 0, 0], [0, 2, 2, 2, 2, 2, 2, 2, 2, 3, 0], [0, 2, 0, 0, 0, 2, 0, 0, 0, 2, 0], [0, 2, 0, 2, 2, 2, 2, 2, 0, 2, 0], [0, 2, 2, 2, 0, 2, 0, 2, 2, 4, 0], [0, 0, 0, 2, 0, 2, 0, 2, 0, 0, 0], [0, 2, 2, 2, 2, 2, 2, 2, 2, 2, 0], [0, 2, 0, 2, 0, 0, 0, 2, 0, 2, 0], [0, 2, 0, 2, 0, 1, 0, 2, 0, 4, 0], [0, 1, 0, 2, 0, 1, 1, 2, 0, 2, 0], [0, 1, 0, 2, 0, 1, 1, 2, 0, 2, 0], [0, 1, 0, 2, 0, 1, 0, 2, 0, 2, 0], [0, 1, 0, 2, 0, 0, 0, 2, 0, 2, 0], [0, 1, 1, 1, 2, 2, 2, 2, 2, 2, 0], [0, 0, 0, 1, 0, 2, 0, 2, 0, 0, 0], [0, 1, 1, 1, 0, 2, 0, 1, 1, 1, 0], [0, 1, 0, 2, 2, 5, 1, 1, 0, 1, 0], [0, 1, 0, 0, 0, 1, 0, 0, 0, 1, 0], [0, 1, 1, 1, 1, 1, 1, 1, 1, 1, 0], [0, 0, 0, 0, 0, 0, 0, 0, 0, 0, 0]]"
2026-05-28T22:31:30.079283,0,North,436.0,False,False,False,"[[0, 0, 0, 0, 0, 0, 0, 0, 0, 0, 0], [0, 2, 2, 2, 2, 2, 2, 2, 2, 3, 0], [0, 2, 0, 0, 0, 2, 0, 0, 0, 2, 0], [0, 2, 0, 2, 2, 2, 2, 2, 0, 4, 0], [0, 2, 2, 2, 0, 2, 0, 2, 2, 2, 0], [0, 0, 0, 2, 0, 2, 0, 2, 0, 0, 0], [0, 2, 2, 2, 2, 2, 2, 2, 2, 2, 0], [0, 2, 0, 2, 0, 0, 0, 2, 0, 4, 0], [0, 2, 0, 2, 0, 1, 0, 2, 0, 2, 0], [0, 1, 0, 2, 0, 1, 1, 2, 0, 2, 0], [0, 1, 0, 2, 0, 1, 1, 2, 0, 2, 0], [0, 1, 0, 2, 0, 1, 0, 2, 0, 2, 0], [0, 1, 0, 2, 0, 0, 0, 2, 0, 2, 0], [0, 1, 1, 1, 2, 2, 2, 2, 2, 2, 0], [0, 0, 0, 1, 0, 2, 0, 2, 0, 0, 0], [0, 1, 1, 1, 0, 2, 0, 1, 1, 1, 0], [0, 1, 0, 2, 5, 1, 1, 1, 0, 1, 0], [0, 1, 0, 0, 0, 1, 0, 0, 0, 1, 0], [0, 1, 1, 1, 1, 1, 1, 1, 1, 1, 0], [0, 0, 0, 0, 0, 0, 0, 0, 0, 0, 0]]"
2026-05-28T22:31:30.082270,0,South,435.0,False,False,False,"[[0, 0, 0, 0, 0, 0, 0, 0, 0, 0, 0], [0, 2, 2, 2, 2, 2, 2, 2, 2, 3, 0], [0, 2, 0, 0, 0, 2, 0, 0, 0, 2, 0], [0, 2, 0, 2, 2, 2, 2, 2, 0, 4, 0], [0, 2, 2, 2, 0, 2, 0, 2, 2, 2, 0], [0, 0, 0, 2, 0, 2, 0, 2, 0, 0, 0], [0, 2, 2, 2, 2, 2, 2, 2, 2, 4, 0], [0, 2, 0, 2, 0, 0, 0, 2, 0, 2, 0], [0, 2, 0, 2, 0, 1, 0, 2, 0, 2, 0], [0, 1, 0, 2, 0, 1, 1, 2, 0, 2, 0], [0, 1, 0, 2, 0, 1, 1, 2, 0, 2, 0], [0, 1, 0, 2, 0, 1, 0, 2, 0, 2, 0], [0, 1, 0, 2, 0, 0, 0, 2, 0, 2, 0], [0, 1, 1, 1, 2, 2, 2, 2, 2, 2, 0], [0, 0, 0, 1, 0, 2, 0, 2, 0, 0, 0], [0, 1, 1, 1, 0, 2, 0, 1, 1, 1, 0], [0, 1, 0, 2, 1, 5, 1, 1, 0, 1, 0], [0, 1, 0, 0, 0, 1, 0, 0, 0, 1, 0], [0, 1, 1, 1, 1, 1, 1, 1, 1, 1, 0], [0, 0, 0, 0, 0, 0, 0, 0, 0, 0, 0]]"
2026-05-28T22:31:30.084594,0,South,434.0,False,False,False,"[[0, 0, 0, 0, 0, 0, 0, 0, 0, 0, 0], [0, 2, 2, 2, 2, 2, 2, 2, 2, 3, 0], [0, 2, 0, 0, 0, 2, 0, 0, 0, 4, 0], [0, 2, 0, 2, 2, 2, 2, 2, 0, 2, 0], [0, 2, 2, 2, 0, 2, 0, 2, 2, 2, 0], [0, 0, 0, 2, 0, 2, 0, 2, 0, 0, 0], [0, 2, 2, 2, 2, 2, 2, 2, 4, 2, 0], [0, 2, 0, 2, 0, 0, 0, 2, 0, 2, 0], [0, 2, 0, 2, 0, 1, 0, 2, 0, 2, 0], [0, 1, 0, 2, 0, 1, 1, 2, 0, 2, 0], [0, 1, 0, 2, 0, 1, 1, 2, 0, 2, 0], [0, 1, 0, 2, 0, 1, 0, 2, 0, 2, 0], [0, 1, 0, 2, 0, 0, 0, 2, 0, 2, 0], [0, 1, 1, 1, 2, 2, 2, 2, 2, 2, 0], [0, 0, 0, 1, 0, 2, 0, 2, 0, 0, 0], [0, 1, 1, 1, 0, 2, 0, 1, 1, 1, 0], [0, 1, 0, 2, 5, 1, 1, 1, 0, 1, 0], [0, 1, 0, 0, 0, 1, 0, 0, 0, 1, 0], [0, 1, 1, 1, 1, 1, 1, 1, 1, 1, 0], [0, 0, 0, 0, 0, 0, 0, 0, 0, 0, 0]]"
2026-05-28T22:31:30.086851,0,North,443.0,False,False,False,"[[0, 0, 0, 0, 0, 0, 0, 0, 0, 0, 0], [0, 2, 2, 2, 2, 2, 2, 2, 2, 4, 0], [0, 2, 0, 0, 0, 2, 0, 0, 0, 2, 0], [0, 2, 0, 2, 2, 2, 2, 2, 0, 2, 0], [0, 2, 2, 2, 0, 2, 0, 2, 2, 2, 0], [0, 0, 0, 2, 0, 2, 0, 2, 0, 0, 0], [0, 2, 2, 2, 2, 2, 2, 4, 2, 2, 0], [0, 2, 0, 2, 0, 0, 0, 2, 0, 2, 0], [0, 2, 0, 2, 0, 1, 0, 2, 0, 2, 0], [0, 1, 0, 2, 0, 1, 1, 2, 0, 2, 0], [0, 1, 0, 2, 0, 1, 1, 2, 0, 2, 0], [0, 1, 0, 2, 0, 1, 0, 2, 0, 2, 0], [0, 1, 0, 2, 0, 0, 0, 2, 0, 2, 0], [0, 1, 1, 1, 2, 2, 2, 2, 2, 2, 0], [0, 0, 0, 1, 0, 2, 0, 2, 0, 0, 0], [0, 1, 1, 1, 0, 2, 0, 1, 1, 1, 0], [0, 1, 0, 5, 1, 1, 1, 1, 0, 1, 0], [0, 1, 0, 0, 0, 1, 0, 0, 0, 1, 0], [0, 1, 1, 1, 1, 1, 1, 1, 1, 1, 0], [0, 0, 0, 0, 0, 0, 0, 0, 0, 0, 0]]"
2026-05-28T22:31:30.089152,0,North,442.0,False,False,False,"[[0, 0, 0, 0, 0, 0, 0, 0, 0, 0, 0], [0, 2, 2, 2, 2, 2, 2, 2, 4, 3, 0], [0, 2, 0, 0, 0, 2, 0, 0, 0, 2, 0], [0, 2, 0, 2, 2, 2, 2, 2, 0, 2, 0], [0, 2, 2, 2, 0, 2, 0, 2, 2, 2, 0], [0, 0, 0, 2, 0, 2, 0, 2, 0, 0, 0], [0, 2, 2, 2, 2, 2, 2, 2, 2, 2, 0], [0, 2, 0, 2, 0, 0, 0, 4, 0, 2, 0], [0, 2, 0, 2, 0, 1, 0, 2, 0, 2, 0], [0, 1, 0, 2, 0, 1, 1, 2, 0, 2, 0], [0, 1, 0, 2, 0, 1, 1, 2, 0, 2, 0], [0, 1, 0, 2, 0, 1, 0, 2, 0, 2, 0], [0, 1, 0, 2, 0, 0, 0, 2, 0, 2, 0], [0, 1, 1, 1, 2, 2, 2, 2, 2, 2, 0], [0, 0, 0, 1, 0, 2, 0, 2, 0, 0, 0], [0, 1, 1, 1, 0, 2, 0, 1, 1, 1, 0], [0, 1, 0, 1, 5, 1, 1, 1, 0, 1, 0], [0, 1, 0, 0, 0, 1, 0, 0, 0, 1, 0], [0, 1, 1, 1, 1, 1, 1, 1, 1, 1, 0], [0, 0, 0, 0, 0, 0, 0, 0, 0, 0, 0]]"
2026-05-28T22:31:30.092130,0,West,441.0,False,False,False,"[[0, 0, 0, 0, 0, 0, 0, 0, 0, 0, 0], [0, 2, 2, 2, 2, 2, 2, 4, 2, 3, 0], [0, 2, 0, 0, 0, 2, 0, 0, 0, 2, 0], [0, 2, 0, 2, 2, 2, 2, 2, 0, 2, 0], [0, 2, 2, 2, 0, 2, 0, 2, 2, 2, 0], [0, 0, 0, 2, 0, 2, 0, 2, 0, 0, 0], [0, 2, 2, 2, 2, 2, 2, 2, 2, 2, 0], [0, 2, 0, 2, 0, 0, 0, 2, 0, 2, 0], [0, 2, 0, 2, 0, 1, 0, 4, 0, 2, 0], [0, 1, 0, 2, 0, 1, 1, 2, 0, 2, 0], [0, 1, 0, 2, 0, 1, 1, 2, 0, 2, 0], [0, 1, 0, 2, 0, 1, 0, 2, 0, 2, 0], [0, 1, 0, 2, 0, 0, 0, 2, 0, 2, 0], [0, 1, 1, 1, 2, 2, 2, 2, 2, 2, 0], [0, 0, 0, 1, 0, 2, 0, 2, 0, 0, 0], [0, 1, 1, 1, 0, 2, 0, 1, 1, 1, 0], [0, 1, 0, 1, 1, 5, 1, 1, 0, 1, 0], [0, 1, 0, 0, 0, 1, 0, 0, 0, 1, 0], [0, 1, 1, 1, 1, 1, 1, 1, 1, 1, 0], [0, 0, 0, 0, 0, 0, 0, 0, 0, 0, 0]]"
2026-05-28T22:31:30.094448,0,West,450.0,False,False,False,"[[0, 0, 0, 0, 0, 0, 0, 0, 0, 0, 0], [0, 2, 2, 2, 2, 2, 4, 2, 2, 3, 0], [0, 2, 0, 0, 0, 2, 0, 0, 0, 2, 0], [0, 2, 0, 2, 2, 2, 2, 2, 0, 2, 0], [0, 2, 2, 2, 0, 2, 0, 2, 2, 2, 0], [0, 0, 0, 2, 0, 2, 0, 2, 0, 0, 0], [0, 2, 2, 2, 2, 2, 2, 2, 2, 2, 0], [0, 2, 0, 2, 0, 0, 0, 2, 0, 2, 0], [0, 2, 0, 2, 0, 1, 0, 2, 0, 2, 0], [0, 1, 0, 2, 0, 1, 1, 4, 0, 2, 0], [0, 1, 0, 2, 0, 1, 1, 2, 0, 2, 0], [0, 1, 0, 2, 0, 1, 0, 2, 0, 2, 0], [0, 1, 0, 2, 0, 0, 0, 2, 0, 2, 0], [0, 1, 1, 1, 2, 2, 2, 2, 2, 2, 0], [0, 0, 0, 1, 0, 2, 0, 2, 0, 0, 0], [0, 1, 1, 1, 0, 5, 0, 1, 1, 1, 0], [0, 1, 0, 1, 1, 1, 1, 1, 0, 1, 0], [0, 1, 0, 0, 0, 1, 0, 0, 0, 1, 0], [0, 1, 1, 1, 1, 1, 1, 1, 1, 1, 0], [0, 0, 0, 0, 0, 0, 0, 0, 0, 0, 0]]"
2026-05-28T22:31:30.096748,0,West,459.0,False,False,False,"[[0, 0, 0, 0, 0, 0, 0, 0, 0, 0, 0], [0, 2, 2, 2, 2, 4, 2, 2, 2, 3, 0], [0, 2, 0, 0, 0, 2, 0, 0, 0, 2, 0], [0, 2, 0, 2, 2, 2, 2, 2, 0, 2, 0], [0, 2, 2, 2, 0, 2, 0, 2, 2, 2, 0], [0, 0, 0, 2, 0, 2, 0, 2, 0, 0, 0], [0, 2, 2, 2, 2, 2, 2, 2, 2, 2, 0], [0, 2, 0, 2, 0, 0, 0, 2, 0, 2, 0], [0, 2, 0, 2, 0, 1, 0, 2, 0, 2, 0], [0, 1, 0, 2, 0, 1, 4, 2, 0, 2, 0], [0, 1, 0, 2, 0, 1, 1, 2, 0, 2, 0], [0, 1, 0, 2, 0, 1, 0, 2, 0, 2, 0], [0, 1, 0, 2, 0, 0, 0, 2, 0, 2, 0], [0, 1, 1, 1, 2, 2, 2, 2, 2, 2, 0], [0, 0, 0, 1, 0, 5, 0, 2, 0, 0, 0], [0, 1, 1, 1, 0, 1, 0, 1, 1, 1, 0], [0, 1, 0, 1, 1, 1, 1, 1, 0, 1, 0], [0, 1, 0, 0, 0, 1, 0, 0, 0, 1, 0], [0, 1, 1, 1, 1, 1, 1, 1, 1, 1, 0], [0, 0, 0, 0, 0, 0, 0, 0, 0, 0, 0]]"
2026-05-28T22:31:30.099399,0,North,468.0,False,False,False,"[[0, 0, 0, 0, 0, 0, 0, 0, 0, 0, 0], [0, 2, 2, 2, 4, 2, 2, 2, 2, 3, 0], [0, 2, 0, 0, 0, 2, 0, 0, 0, 2, 0], [0, 2, 0, 2, 2, 2, 2, 2, 0, 2, 0], [0, 2, 2, 2, 0, 2, 0, 2, 2, 2, 0], [0, 0, 0, 2, 0, 2, 0, 2, 0, 0, 0], [0, 2, 2, 2, 2, 2, 2, 2, 2, 2, 0], [0, 2, 0, 2, 0, 0, 0, 2, 0, 2, 0], [0, 2, 0, 2, 0, 1, 0, 2, 0, 2, 0], [0, 1, 0, 2, 0, 1, 1, 2, 0, 2, 0], [0, 1, 0, 2, 0, 1, 4, 2, 0, 2, 0], [0, 1, 0, 2, 0, 1, 0, 2, 0, 2, 0], [0, 1, 0, 2, 0, 0, 0, 2, 0, 2, 0], [0, 1, 1, 1, 2, 5, 2, 2, 2, 2, 0], [0, 0, 0, 1, 0, 1, 0, 2, 0, 0, 0], [0, 1, 1, 1, 0, 1, 0, 1, 1, 1, 0], [0, 1, 0, 1, 1, 1, 1, 1, 0, 1, 0], [0, 1, 0, 0, 0, 1, 0, 0, 0, 1, 0], [0, 1, 1, 1, 1, 1, 1, 1, 1, 1, 0], [0, 0, 0, 0, 0, 0, 0, 0, 0, 0, 0]]"
2026-05-28T22:31:30.101908,0,North,477.0,False,False,False,"[[0, 0, 0, 0, 0, 0, 0, 0, 0, 0, 0], [0, 2, 2, 4, 2, 2, 2, 2, 2, 3, 0], [0, 2, 0, 0, 0, 2, 0, 0, 0, 2, 0], [0, 2, 0, 2, 2, 2, 2, 2, 0, 2, 0], [0, 2, 2, 2, 0, 2, 0, 2, 2, 2, 0], [0, 0, 0, 2, 0, 2, 0, 2, 0, 0, 0], [0, 2, 2, 2, 2, 2, 2, 2, 2, 2, 0], [0, 2, 0, 2, 0, 0, 0, 2, 0, 2, 0], [0, 2, 0, 2, 0, 1, 0, 2, 0, 2, 0], [0, 1, 0, 2, 0, 1, 1, 2, 0, 2, 0], [0, 1, 0, 2, 0, 4, 1, 2, 0, 2, 0], [0, 1, 0, 2, 0, 1, 0, 2, 0, 2, 0], [0, 1, 0, 2, 0, 0, 0, 2, 0, 2, 0], [0, 1, 1, 1, 2, 1, 5, 2, 2, 2, 0], [0, 0, 0, 1, 0, 1, 0, 2, 0, 0, 0], [0, 1, 1, 1, 0, 1, 0, 1, 1, 1, 0], [0, 1, 0, 1, 1, 1, 1, 1, 0, 1, 0], [0, 1, 0, 0, 0, 1, 0, 0, 0, 1, 0], [0, 1, 1, 1, 1, 1, 1, 1, 1, 1, 0], [0, 0, 0, 0, 0, 0, 0, 0, 0, 0, 0]]"
2026-05-28T22:31:30.104954,0,North,486.0,False,False,False,"[[0, 0, 0, 0, 0, 0, 0, 0, 0, 0, 0], [0, 2, 4, 2, 2, 2, 2, 2, 2, 3, 0], [0, 2, 0, 0, 0, 2, 0, 0, 0, 2, 0], [0, 2, 0, 2, 2, 2, 2, 2, 0, 2, 0], [0, 2, 2, 2, 0, 2, 0, 2, 2, 2, 0], [0, 0, 0, 2, 0, 2, 0, 2, 0, 0, 0], [0, 2, 2, 2, 2, 2, 2, 2, 2, 2, 0], [0, 2, 0, 2, 0, 0, 0, 2, 0, 2, 0], [0, 2, 0, 2, 0, 1, 0, 2, 0, 2, 0], [0, 1, 0, 2, 0, 1, 1, 2, 0, 2, 0], [0, 1, 0, 2, 0, 1, 1, 2, 0, 2, 0], [0, 1, 0, 2, 0, 4, 0, 2, 0, 2, 0], [0, 1, 0, 2, 0, 0, 0, 2, 0, 2, 0], [0, 1, 1, 1, 2, 1, 1, 5, 2, 2, 0], [0, 0, 0, 1, 0, 1, 0, 2, 0, 0, 0], [0, 1, 1, 1, 0, 1, 0, 1, 1, 1, 0], [0, 1, 0, 1, 1, 1, 1, 1, 0, 1, 0], [0, 1, 0, 0, 0, 1, 0, 0, 0, 1, 0], [0, 1, 1, 1, 1, 1, 1, 1, 1, 1, 0], [0, 0, 0, 0, 0, 0, 0, 0, 0, 0, 0]]"
2026-05-28T22:31:30.107261,0,North,495.0,False,False,False,"[[0, 0, 0, 0, 0, 0, 0, 0, 0, 0, 0], [0, 4, 2, 2, 2, 2, 2, 2, 2, 3, 0], [0, 2, 0, 0, 0, 2, 0, 0, 0, 2, 0], [0, 2, 0, 2, 2, 2, 2, 2, 0, 2, 0], [0, 2, 2, 2, 0, 2, 0, 2, 2, 2, 0], [0, 0, 0, 2, 0, 2, 0, 2, 0, 0, 0], [0, 2, 2, 2, 2, 2, 2, 2, 2, 2, 0], [0, 2, 0, 2, 0, 0, 0, 2, 0, 2, 0], [0, 2, 0, 2, 0, 1, 0, 2, 0, 2, 0], [0, 1, 0, 2, 0, 1, 1, 2, 0, 2, 0], [0, 1, 0, 2, 0, 4, 1, 2, 0, 2, 0], [0, 1, 0, 2, 0, 1, 0, 2, 0, 2, 0], [0, 1, 0, 2, 0, 0, 0, 2, 0, 2, 0], [0, 1, 1, 1, 2, 1, 1, 1, 5, 2, 0], [0, 0, 0, 1, 0, 1, 0, 2, 0, 0, 0], [0, 1, 1, 1, 0, 1, 0, 1, 1, 1, 0], [0, 1, 0, 1, 1, 1, 1, 1, 0, 1, 0], [0, 1, 0, 0, 0, 1, 0, 0, 0, 1, 0], [0, 1, 1, 1, 1, 1, 1, 1, 1, 1, 0], [0, 0, 0, 0, 0, 0, 0, 0, 0, 0, 0]]"
2026-05-28T22:31:30.109548,0,West,504.0,False,False,False,"[[0, 0, 0, 0, 0, 0, 0, 0, 0, 0, 0], [0, 2, 2, 2, 2, 2, 2, 2, 2, 3, 0], [0, 4, 0, 0, 0, 2, 0, 0, 0, 2, 0], [0, 2, 0, 2, 2, 2, 2, 2, 0, 2, 0], [0, 2, 2, 2, 0, 2, 0, 2, 2, 2, 0], [0, 0, 0, 2, 0, 2, 0, 2, 0, 0, 0], [0, 2, 2, 2, 2, 2, 2, 2, 2, 2, 0], [0, 2, 0, 2, 0, 0, 0, 2, 0, 2, 0], [0, 2, 0, 2, 0, 1, 0, 2, 0, 2, 0], [0, 1, 0, 2, 0, 1, 1, 2, 0, 2, 0], [0, 1, 0, 2, 0, 1, 4, 2, 0, 2, 0], [0, 1, 0, 2, 0, 1, 0, 2, 0, 2, 0], [0, 1, 0, 2, 0, 0, 0, 2, 0, 2, 0], [0, 1, 1, 1, 2, 1, 1, 1, 1, 5, 0], [0, 0, 0, 1, 0, 1, 0, 2, 0, 0, 0], [0, 1, 1, 1, 0, 1, 0, 1, 1, 1, 0], [0, 1, 0, 1, 1, 1, 1, 1, 0, 1, 0], [0, 1, 0, 0, 0, 1, 0, 0, 0, 1, 0], [0, 1, 1, 1, 1, 1, 1, 1, 1, 1, 0], [0, 0, 0, 0, 0, 0, 0, 0, 0, 0, 0]]"
2026-05-28T22:31:30.111803,0,West,513.0,False,False,False,"[[0, 0, 0, 0, 0, 0, 0, 0, 0, 0, 0], [0, 2, 2, 2, 2, 2, 2, 2, 2, 3, 0], [0, 2, 0, 0, 0, 2, 0, 0, 0, 2, 0], [0, 4, 0, 2, 2, 2, 2, 2, 0, 2, 0], [0, 2, 2, 2, 0, 2, 0, 2, 2, 2, 0], [0, 0, 0, 2, 0, 2, 0, 2, 0, 0, 0], [0, 2, 2, 2, 2, 2, 2, 2, 2, 2, 0], [0, 2, 0, 2, 0, 0, 0, 2, 0, 2, 0], [0, 2, 0, 2, 0, 1, 0, 2, 0, 2, 0], [0, 1, 0, 2, 0, 1, 1, 2, 0, 2, 0], [0, 1, 0, 2, 0, 1, 1, 4, 0, 2, 0], [0, 1, 0, 2, 0, 1, 0, 2, 0, 2, 0], [0, 1, 0, 2, 0, 0, 0, 2, 0, 5, 0], [0, 1, 1, 1, 2, 1, 1, 1, 1, 1, 0], [0, 0, 0, 1, 0, 1, 0, 2, 0, 0, 0], [0, 1, 1, 1, 0, 1, 0, 1, 1, 1, 0], [0, 1, 0, 1, 1, 1, 1, 1, 0, 1, 0], [0, 1, 0, 0, 0, 1, 0, 0, 0, 1, 0], [0, 1, 1, 1, 1, 1, 1, 1, 1, 1, 0], [0, 0, 0, 0, 0, 0, 0, 0, 0, 0, 0]]"
2026-05-28T22:31:30.114076,0,West,522.0,False,False,False,"[[0, 0, 0, 0, 0, 0, 0, 0, 0, 0, 0], [0, 2, 2, 2, 2, 2, 2, 2, 2, 3, 0], [0, 2, 0, 0, 0, 2, 0, 0, 0, 2, 0], [0, 2, 0, 2, 2, 2, 2, 2, 0, 2, 0], [0, 4, 2, 2, 0, 2, 0, 2, 2, 2, 0], [0, 0, 0, 2, 0, 2, 0, 2, 0, 0, 0], [0, 2, 2, 2, 2, 2, 2, 2, 2, 2, 0], [0, 2, 0, 2, 0, 0, 0, 2, 0, 2, 0], [0, 2, 0, 2, 0, 1, 0, 2, 0, 2, 0], [0, 1, 0, 2, 0, 1, 1, 2, 0, 2, 0], [0, 1, 0, 2, 0, 1, 1, 2, 0, 2, 0], [0, 1, 0, 2, 0, 1, 0, 4, 0, 5, 0], [0, 1, 0, 2, 0, 0, 0, 2, 0, 1, 0], [0, 1, 1, 1, 2, 1, 1, 1, 1, 1, 0], [0, 0, 0, 1, 0, 1, 0, 2, 0, 0, 0], [0, 1, 1, 1, 0, 1, 0, 1, 1, 1, 0], [0, 1, 0, 1, 1, 1, 1, 1, 0, 1, 0], [0, 1, 0, 0, 0, 1, 0, 0, 0, 1, 0], [0, 1, 1, 1, 1, 1, 1, 1, 1, 1, 0], [0, 0, 0, 0, 0, 0, 0, 0, 0, 0, 0]]"
2026-05-28T22:31:30.116351,0,West,531.0,False,False,False,"[[0, 0, 0, 0, 0, 0, 0, 0, 0, 0, 0], [0, 2, 2, 2, 2, 2, 2, 2, 2, 3, 0], [0, 2, 0, 0, 0, 2, 0, 0, 0, 2, 0], [0, 2, 0, 2, 2, 2, 2, 2, 0, 2, 0], [0, 2, 4, 2, 0, 2, 0, 2, 2, 2, 0], [0, 0, 0, 2, 0, 2, 0, 2, 0, 0, 0], [0, 2, 2, 2, 2, 2, 2, 2, 2, 2, 0], [0, 2, 0, 2, 0, 0, 0, 2, 0, 2, 0], [0, 2, 0, 2, 0, 1, 0, 2, 0, 2, 0], [0, 1, 0, 2, 0, 1, 1, 2, 0, 2, 0], [0, 1, 0, 2, 0, 1, 1, 2, 0, 5, 0], [0, 1, 0, 2, 0, 1, 0, 2, 0, 1, 0], [0, 1, 0, 2, 0, 0, 0, 4, 0, 1, 0], [0, 1, 1, 1, 2, 1, 1, 1, 1, 1, 0], [0, 0, 0, 1, 0, 1, 0, 2, 0, 0, 0], [0, 1, 1, 1, 0, 1, 0, 1, 1, 1, 0], [0, 1, 0, 1, 1, 1, 1, 1, 0, 1, 0], [0, 1, 0, 0, 0, 1, 0, 0, 0, 1, 0], [0, 1, 1, 1, 1, 1, 1, 1, 1, 1, 0], [0, 0, 0, 0, 0, 0, 0, 0, 0, 0, 0]]"
2026-05-28T22:31:30.118606,0,East,540.0,False,False,False,"[[0, 0, 0, 0, 0, 0, 0, 0, 0, 0, 0], [0, 2, 2, 2, 2, 2, 2, 2, 2, 3, 0], [0, 2, 0, 0, 0, 2, 0, 0, 0, 2, 0], [0, 2, 0, 2, 2, 2, 2, 2, 0, 2, 0], [0, 2, 2, 4, 0, 2, 0, 2, 2, 2, 0], [0, 0, 0, 2, 0, 2, 0, 2, 0, 0, 0], [0, 2, 2, 2, 2, 2, 2, 2, 2, 2, 0], [0, 2, 0, 2, 0, 0, 0, 2, 0, 2, 0], [0, 2, 0, 2, 0, 1, 0, 2, 0, 2, 0], [0, 1, 0, 2, 0, 1, 1, 2, 0, 5, 0], [0, 1, 0, 2, 0, 1, 1, 2, 0, 1, 0], [0, 1, 0, 2, 0, 1, 0, 2, 0, 1, 0], [0, 1, 0, 2, 0, 0, 0, 2, 0, 1, 0], [0, 1, 1, 1, 2, 1, 1, 4, 1, 1, 0], [0, 0, 0, 1, 0, 1, 0, 2, 0, 0, 0], [0, 1, 1, 1, 0, 1, 0, 1, 1, 1, 0], [0, 1, 0, 1, 1, 1, 1, 1, 0, 1, 0], [0, 1, 0, 0, 0, 1, 0, 0, 0, 1, 0], [0, 1, 1, 1, 1, 1, 1, 1, 1, 1, 0], [0, 0, 0, 0, 0, 0, 0, 0, 0, 0, 0]]"
2026-05-28T22:31:30.120854,0,East,539.0,False,False,False,"[[0, 0, 0, 0, 0, 0, 0, 0, 0, 0, 0], [0, 2, 2, 2, 2, 2, 2, 2, 2, 3, 0], [0, 2, 0, 0, 0, 2, 0, 0, 0, 2, 0], [0, 2, 0, 2, 2, 2, 2, 2, 0, 2, 0], [0, 2, 2, 2, 0, 2, 0, 2, 2, 2, 0], [0, 0, 0, 4, 0, 2, 0, 2, 0, 0, 0], [0, 2, 2, 2, 2, 2, 2, 2, 2, 2, 0], [0, 2, 0, 2, 0, 0, 0, 2, 0, 2, 0], [0, 2, 0, 2, 0, 1, 0, 2, 0, 2, 0], [0, 1, 0, 2, 0, 1, 1, 2, 0, 1, 0], [0, 1, 0, 2, 0, 1, 1, 2, 0, 5, 0], [0, 1, 0, 2, 0, 1, 0, 2, 0, 1, 0], [0, 1, 0, 2, 0, 0, 0, 2, 0, 1, 0], [0, 1, 1, 1, 2, 1, 1, 1, 4, 1, 0], [0, 0, 0, 1, 0, 1, 0, 2, 0, 0, 0], [0, 1, 1, 1, 0, 1, 0, 1, 1, 1, 0], [0, 1, 0, 1, 1, 1, 1, 1, 0, 1, 0], [0, 1, 0, 0, 0, 1, 0, 0, 0, 1, 0], [0, 1, 1, 1, 1, 1, 1, 1, 1, 1, 0], [0, 0, 0, 0, 0, 0, 0, 0, 0, 0, 0]]"
2026-05-28T22:31:30.123069,0,West,538.0,False,False,False,"[[0, 0, 0, 0, 0, 0, 0, 0, 0, 0, 0], [0, 2, 2, 2, 2, 2, 2, 2, 2, 3, 0], [0, 2, 0, 0, 0, 2, 0, 0, 0, 2, 0], [0, 2, 0, 2, 2, 2, 2, 2, 0, 2, 0], [0, 2, 2, 2, 0, 2, 0, 2, 2, 2, 0], [0, 0, 0, 2, 0, 2, 0, 2, 0, 0, 0], [0, 2, 2, 4, 2, 2, 2, 2, 2, 2, 0], [0, 2, 0, 2, 0, 0, 0, 2, 0, 2, 0], [0, 2, 0, 2, 0, 1, 0, 2, 0, 2, 0], [0, 1, 0, 2, 0, 1, 1, 2, 0, 1, 0], [0, 1, 0, 2, 0, 1, 1, 2, 0, 1, 0], [0, 1, 0, 2, 0, 1, 0, 2, 0, 5, 0], [0, 1, 0, 2, 0, 0, 0, 2, 0, 1, 0], [0, 1, 1, 1, 2, 1, 1, 1, 1, 4, 0], [0, 0, 0, 1, 0, 1, 0, 2, 0, 0, 0], [0, 1, 1, 1, 0, 1, 0, 1, 1, 1, 0], [0, 1, 0, 1, 1, 1, 1, 1, 0, 1, 0], [0, 1, 0, 0, 0, 1, 0, 0, 0, 1, 0], [0, 1, 1, 1, 1, 1, 1, 1, 1, 1, 0], [0, 0, 0, 0, 0, 0, 0, 0, 0, 0, 0]]"
2026-05-28T22:31:30.125305,0,West,537.0,False,False,False,"[[0, 0, 0, 0, 0, 0, 0, 0, 0, 0, 0], [0, 2, 2, 2, 2, 2, 2, 2, 2, 3, 0], [0, 2, 0, 0, 0, 2, 0, 0, 0, 2, 0], [0, 2, 0, 2, 2, 2, 2, 2, 0, 2, 0], [0, 2, 2, 2, 0, 2, 0, 2, 2, 2, 0], [0, 0, 0, 2, 0, 2, 0, 2, 0, 0, 0], [0, 2, 2, 2, 4, 2, 2, 2, 2, 2, 0], [0, 2, 0, 2, 0, 0, 0, 2, 0, 2, 0], [0, 2, 0, 2, 0, 1, 0, 2, 0, 2, 0], [0, 1, 0, 2, 0, 1, 1, 2, 0, 1, 0], [0, 1, 0, 2, 0, 1, 1, 2, 0, 5, 0], [0, 1, 0, 2, 0, 1, 0, 2, 0, 1, 0], [0, 1, 0, 2, 0, 0, 0, 2, 0, 4, 0], [0, 1, 1, 1, 2, 1, 1, 1, 1, 1, 0], [0, 0, 0, 1, 0, 1, 0, 2, 0, 0, 0], [0, 1, 1, 1, 0, 1, 0, 1, 1, 1, 0], [0, 1, 0, 1, 1, 1, 1, 1, 0, 1, 0], [0, 1, 0, 0, 0, 1, 0, 0, 0, 1, 0], [0, 1, 1, 1, 1, 1, 1, 1, 1, 1, 0], [0, 0, 0, 0, 0, 0, 0, 0, 0, 0, 0]]"
2026-05-28T22:31:30.127592,0,West,536.0,False,False,False,"[[0, 0, 0, 0, 0, 0, 0, 0, 0, 0, 0], [0, 2, 2, 2, 2, 2, 2, 2, 2, 3, 0], [0, 2, 0, 0, 0, 2, 0, 0, 0, 2, 0], [0, 2, 0, 2, 2, 2, 2, 2, 0, 2, 0], [0, 2, 2, 2, 0, 2, 0, 2, 2, 2, 0], [0, 0, 0, 2, 0, 2, 0, 2, 0, 0, 0], [0, 2, 2, 2, 2, 4, 2, 2, 2, 2, 0], [0, 2, 0, 2, 0, 0, 0, 2, 0, 2, 0], [0, 2, 0, 2, 0, 1, 0, 2, 0, 2, 0], [0, 1, 0, 2, 0, 1, 1, 2, 0, 5, 0], [0, 1, 0, 2, 0, 1, 1, 2, 0, 1, 0], [0, 1, 0, 2, 0, 1, 0, 2, 0, 4, 0], [0, 1, 0, 2, 0, 0, 0, 2, 0, 1, 0], [0, 1, 1, 1, 2, 1, 1, 1, 1, 1, 0], [0, 0, 0, 1, 0, 1, 0, 2, 0, 0, 0], [0, 1, 1, 1, 0, 1, 0, 1, 1, 1, 0], [0, 1, 0, 1, 1, 1, 1, 1, 0, 1, 0], [0, 1, 0, 0, 0, 1, 0, 0, 0, 1, 0], [0, 1, 1, 1, 1, 1, 1, 1, 1, 1, 0], [0, 0, 0, 0, 0, 0, 0, 0, 0, 0, 0]]"
2026-05-28T22:31:30.130085,0,West,545.0,False,False,False,"[[0, 0, 0, 0, 0, 0, 0, 0, 0, 0, 0], [0, 2, 2, 2, 2, 2, 2, 2, 2, 3, 0], [0, 2, 0, 0, 0, 2, 0, 0, 0, 2, 0], [0, 2, 0, 2, 2, 2, 2, 2, 0, 2, 0], [0, 2, 2, 2, 0, 2, 0, 2, 2, 2, 0], [0, 0, 0, 2, 0, 2, 0, 2, 0, 0, 0], [0, 2, 2, 2, 2, 2, 4, 2, 2, 2, 0], [0, 2, 0, 2, 0, 0, 0, 2, 0, 2, 0], [0, 2, 0, 2, 0, 1, 0, 2, 0, 5, 0], [0, 1, 0, 2, 0, 1, 1, 2, 0, 1, 0], [0, 1, 0, 2, 0, 1, 1, 2, 0, 4, 0], [0, 1, 0, 2, 0, 1, 0, 2, 0, 1, 0], [0, 1, 0, 2, 0, 0, 0, 2, 0, 1, 0], [0, 1, 1, 1, 2, 1, 1, 1, 1, 1, 0], [0, 0, 0, 1, 0, 1, 0, 2, 0, 0, 0], [0, 1, 1, 1, 0, 1, 0, 1, 1, 1, 0], [0, 1, 0, 1, 1, 1, 1, 1, 0, 1, 0], [0, 1, 0, 0, 0, 1, 0, 0, 0, 1, 0], [0, 1, 1, 1, 1, 1, 1, 1, 1, 1, 0], [0, 0, 0, 0, 0, 0, 0, 0, 0, 0, 0]]"
2026-05-28T22:31:30.132364,0,West,554.0,False,False,False,"[[0, 0, 0, 0, 0, 0, 0, 0, 0, 0, 0], [0, 2, 2, 2, 2, 2, 2, 2, 2, 3, 0], [0, 2, 0, 0, 0, 2, 0, 0, 0, 2, 0], [0, 2, 0, 2, 2, 2, 2, 2, 0, 2, 0], [0, 2, 2, 2, 0, 2, 0, 2, 2, 2, 0], [0, 0, 0, 2, 0, 2, 0, 2, 0, 0, 0], [0, 2, 2, 2, 2, 2, 2, 4, 2, 2, 0], [0, 2, 0, 2, 0, 0, 0, 2, 0, 5, 0], [0, 2, 0, 2, 0, 1, 0, 2, 0, 1, 0], [0, 1, 0, 2, 0, 1, 1, 2, 0, 4, 0], [0, 1, 0, 2, 0, 1, 1, 2, 0, 1, 0], [0, 1, 0, 2, 0, 1, 0, 2, 0, 1, 0], [0, 1, 0, 2, 0, 0, 0, 2, 0, 1, 0], [0, 1, 1, 1, 2, 1, 1, 1, 1, 1, 0], [0, 0, 0, 1, 0, 1, 0, 2, 0, 0, 0], [0, 1, 1, 1, 0, 1, 0, 1, 1, 1, 0], [0, 1, 0, 1, 1, 1, 1, 1, 0, 1, 0], [0, 1, 0, 0, 0, 1, 0, 0, 0, 1, 0], [0, 1, 1, 1, 1, 1, 1, 1, 1, 1, 0], [0, 0, 0, 0, 0, 0, 0, 0, 0, 0, 0]]"
2026-05-28T22:31:30.134628,0,East,563.0,False,False,False,"[[0, 0, 0, 0, 0, 0, 0, 0, 0, 0, 0], [0, 2, 2, 2, 2, 2, 2, 2, 2, 3, 0], [0, 2, 0, 0, 0, 2, 0, 0, 0, 2, 0], [0, 2, 0, 2, 2, 2, 2, 2, 0, 2, 0], [0, 2, 2, 2, 0, 2, 0, 2, 2, 2, 0], [0, 0, 0, 2, 0, 2, 0, 2, 0, 0, 0], [0, 2, 2, 2, 2, 2, 2, 2, 4, 5, 0], [0, 2, 0, 2, 0, 0, 0, 2, 0, 1, 0], [0, 2, 0, 2, 0, 1, 0, 2, 0, 4, 0], [0, 1, 0, 2, 0, 1, 1, 2, 0, 1, 0], [0, 1, 0, 2, 0, 1, 1, 2, 0, 1, 0], [0, 1, 0, 2, 0, 1, 0, 2, 0, 1, 0], [0, 1, 0, 2, 0, 0, 0, 2, 0, 1, 0], [0, 1, 1, 1, 2, 1, 1, 1, 1, 1, 0], [0, 0, 0, 1, 0, 1, 0, 2, 0, 0, 0], [0, 1, 1, 1, 0, 1, 0, 1, 1, 1, 0], [0, 1, 0, 1, 1, 1, 1, 1, 0, 1, 0], [0, 1, 0, 0, 0, 1, 0, 0, 0, 1, 0], [0, 1, 1, 1, 1, 1, 1, 1, 1, 1, 0], [0, 0, 0, 0, 0, 0, 0, 0, 0, 0, 0]]"
